9 0.359025 0.763505 0.250988 0.453228
3 0.941535 0.208388 0.046443 0.101888
3 0.936100 0.382301 0.063241 0.154589
1 0.449440 0.115283 0.056324 0.077295
1 0.738966 0.165349 0.050395 0.100132
1 0.673254 0.133729 0.057312 0.057971
0 0.380929 0.154260 0.069170 0.105402
0 0.500000 0.111221 0.048419 0.096618
0 0.389822 0.339592 0.102767 0.166886
0 0.500494 0.236825 0.059289 0.129996
0 0.551383 0.236825 0.060277 0.073781
0 0.535079 0.386583 0.079051 0.243303
0 0.575593 0.159530 0.053360 0.101888
0 0.622036 0.184563 0.063241 0.136144
0 0.691947 0.225845 0.052866 0.148441
0 0.898880 0.144159 0.036561 0.079930
0 0.888752 0.206961 0.043972 0.045674
0 0.875659 0.297870 0.056324 0.143171
0 0.834651 0.415130 0.072134 0.135266
0 0.786479 0.596216 0.096344 0.288977