0 0.219758 0.590800 0.151882 0.222222
1 0.936156 0.613501 0.127688 0.320191
5 0.790995 0.546595 0.146505 0.272401
7 0.885753 0.203704 0.059140 0.059737
3 0.952957 0.307646 0.067204 0.152927
3 0.881048 0.275388 0.071237 0.112306
3 0.711694 0.181004 0.087366 0.133811
3 0.606855 0.167861 0.073925 0.121864
3 0.270833 0.249104 0.073925 0.136201
3 0.329973 0.231183 0.060484 0.119474
3 0.411962 0.176225 0.071237 0.090800
3 0.358871 0.169056 0.043011 0.105137
6 0.352823 0.413978 0.079301 0.193548
6 0.438172 0.429510 0.083333 0.210275
0 0.629032 0.344683 0.086022 0.183990
6 0.530242 0.307646 0.084677 0.167264
0 0.459005 0.262246 0.073925 0.119474