9 0.817876 0.473716 0.108871 0.198327
9 0.282930 0.605137 0.189516 0.341697
0 0.608871 0.454301 0.100134 0.224612
0 0.519917 0.436805 0.066390 0.167264
0 0.401315 0.416605 0.067863 0.138151
0 0.453527 0.316245 0.059873 0.088339
0 0.519102 0.309004 0.068833 0.095579
0 0.568793 0.268455 0.046025 0.099924
0 0.426849 0.222838 0.051320 0.057927
0 0.401393 0.293074 0.050098 0.107165
0 0.266373 0.345208 0.074128 0.121647
0 0.189190 0.416169 0.079423 0.139025
0 0.624185 0.298867 0.073721 0.111509
0 0.750041 0.212338 0.072906 0.116578
0 0.822336 0.307918 0.057836 0.126715
3 0.977313 0.375982 0.042766 0.104993
3 0.897687 0.353535 0.067612 0.139749
3 0.968801 0.245646 0.062398 0.071685
0 0.862048 0.240578 0.041952 0.077477
7 0.976540 0.301039 0.046920 0.056479
3 0.670821 0.238044 0.048876 0.117302
3 0.616447 0.215597 0.059873 0.075305
7 0.537634 0.206184 0.045617 0.044893
7 0.520935 0.241664 0.036657 0.046342
7 0.367587 0.267369 0.025660 0.073133
3 0.321359 0.285471 0.051320 0.097752
3 0.454628 0.437696 0.061029 0.149181