9 0.287718 0.573290 0.153730 0.286738
9 0.817162 0.468750 0.097866 0.227001
0 0.179772 0.410506 0.065524 0.137395
0 0.270917 0.350396 0.049563 0.121714
0 0.367734 0.258923 0.024782 0.080645
0 0.403646 0.272364 0.031082 0.095579
0 0.402596 0.404533 0.053343 0.150836
0 0.453839 0.415360 0.062584 0.141129
0 0.525664 0.435148 0.075185 0.152330
0 0.614919 0.445602 0.088206 0.198626
0 0.441238 0.307086 0.055024 0.061977
0 0.420447 0.225694 0.032762 0.044056
0 0.757728 0.214867 0.063844 0.113501
0 0.837114 0.304099 0.057964 0.127688
0 0.978201 0.378398 0.043598 0.083632
3 0.969842 0.241002 0.053763 0.091099
3 0.909358 0.350022 0.064684 0.143369
3 0.860215 0.246976 0.026042 0.055257
3 0.662382 0.220467 0.050403 0.112754
3 0.609879 0.206653 0.045363 0.058244
3 0.544985 0.206280 0.033182 0.048536
3 0.323631 0.281698 0.052503 0.106780
3 0.513273 0.311940 0.064684 0.083632
6 0.519153 0.248096 0.040323 0.047043
6 0.566196 0.263030 0.040323 0.072431
6 0.628150 0.288045 0.076025 0.120968
7 0.975680 0.306340 0.048639 0.064964