9 0.320180 0.574117 0.113767 0.299539
9 0.812932 0.477684 0.099846 0.226148
0 0.178571 0.422640 0.095526 0.146783
0 0.280098 0.344555 0.076805 0.127155
0 0.402266 0.411973 0.041763 0.151050
0 0.445949 0.313407 0.037922 0.080218
0 0.456509 0.421787 0.074405 0.177505
0 0.521313 0.435015 0.067684 0.166411
0 0.614919 0.451656 0.090726 0.216761
0 0.400826 0.276284 0.041763 0.098140
0 0.743088 0.213134 0.072485 0.123741
0 0.825653 0.310847 0.066244 0.128008
3 0.967262 0.234042 0.053763 0.087046
3 0.907258 0.350529 0.073925 0.144223
3 0.972542 0.385945 0.052803 0.121181
3 0.671803 0.230628 0.049443 0.095579
3 0.611079 0.203320 0.051843 0.064857
3 0.313220 0.274151 0.028322 0.104113
3 0.356903 0.284392 0.038882 0.110940
3 0.515793 0.315540 0.047523 0.099846
7 0.418827 0.231055 0.036962 0.045230
7 0.550835 0.211000 0.042723 0.046083
7 0.857335 0.229348 0.031682 0.043523
7 0.977151 0.291645 0.045698 0.055470
6 0.518673 0.247696 0.037922 0.054617
6 0.569316 0.265190 0.043203 0.103260
6 0.626680 0.282685 0.056164 0.121181