9 0.193700 0.878624 0.121298 0.203103
5 0.782444 0.484190 0.093874 0.196750
3 0.193511 0.423584 0.080040 0.128239
3 0.317523 0.292710 0.057312 0.094862
3 0.356555 0.289196 0.048419 0.087835
3 0.396574 0.288318 0.049407 0.075538
3 0.446970 0.328722 0.051383 0.075538
3 0.520586 0.332235 0.074111 0.117699
3 0.549736 0.215415 0.031621 0.052701
3 0.616930 0.225077 0.063241 0.089592
3 0.671772 0.238252 0.050395 0.091348
3 0.641634 0.302372 0.061265 0.096618
3 0.825428 0.313790 0.065217 0.137022
3 0.904480 0.343654 0.061265 0.112429
3 0.976449 0.382301 0.047101 0.098375
3 0.976449 0.304128 0.047101 0.075538
3 0.977437 0.246157 0.045125 0.061484
3 0.861001 0.265481 0.045455 0.075538
3 0.420290 0.228590 0.033597 0.057971
0 0.277009 0.355951 0.079051 0.115942
0 0.402009 0.422705 0.062253 0.172156
0 0.459321 0.420949 0.072134 0.161616
0 0.520586 0.428854 0.072134 0.159859
0 0.604084 0.439394 0.090909 0.184453
0 0.519104 0.254941 0.035573 0.068511
0 0.565547 0.281291 0.063241 0.089592
0 0.746871 0.207510 0.060277 0.110672