9 0.338768 0.585200 0.163043 0.300395
6 0.731555 0.476285 0.102767 0.209047
0 0.270586 0.345411 0.050395 0.119455
0 0.419796 0.235617 0.030632 0.061484
0 0.402503 0.422705 0.053360 0.172156
0 0.523057 0.444664 0.065217 0.173913
0 0.603590 0.440272 0.087945 0.179183
0 0.520092 0.261089 0.035573 0.066755
0 0.571476 0.275143 0.043478 0.115942
0 0.746871 0.211902 0.062253 0.115942
0 0.310606 0.298858 0.041502 0.093105
3 0.191041 0.432367 0.073123 0.145806
3 0.356061 0.294466 0.047431 0.105402
3 0.403985 0.291831 0.058300 0.096618
3 0.450922 0.331357 0.063241 0.066755
3 0.517622 0.319939 0.072134 0.093105
3 0.467227 0.489460 0.107708 0.256478
3 0.554677 0.224199 0.041502 0.084321
3 0.616930 0.217172 0.051383 0.063241
3 0.621871 0.301493 0.081028 0.119455
3 0.668314 0.240009 0.049407 0.115942
3 0.828887 0.319060 0.074111 0.140536
3 0.896574 0.354194 0.092885 0.133509
3 0.857543 0.276899 0.056324 0.091348
3 0.970685 0.382301 0.055336 0.112429
3 0.971673 0.311155 0.053360 0.064998
3 0.969697 0.257576 0.057312 0.080808