9 0.363472 0.766689 0.236166 0.466622
3 0.935606 0.377910 0.068182 0.149319
3 0.944499 0.204875 0.050395 0.122969
0 0.806159 0.599253 0.091897 0.293368
0 0.831357 0.408652 0.069170 0.151076
0 0.870883 0.311155 0.065217 0.152833
0 0.897170 0.136458 0.042349 0.077797
0 0.882348 0.200870 0.048466 0.086162
0 0.733892 0.161553 0.051760 0.094527
0 0.674603 0.111362 0.051760 0.069431
0 0.696483 0.209235 0.062582 0.173160
0 0.569593 0.154861 0.055995 0.102892
0 0.623471 0.191250 0.067758 0.142209
0 0.498855 0.123492 0.050348 0.107075
0 0.439802 0.108016 0.054583 0.084489
0 0.392434 0.143150 0.057406 0.126315
0 0.496424 0.228893 0.062112 0.123805
0 0.553595 0.260263 0.075758 0.143045
0 0.384199 0.338060 0.111519 0.181525
0 0.506305 0.399544 0.108225 0.234226