9 0.369895 0.776350 0.286561 0.447299
3 0.941535 0.206632 0.052372 0.119455
3 0.935112 0.387571 0.055336 0.129996
4 0.447464 0.112648 0.042490 0.079051
1 0.494826 0.238710 0.062994 0.133948
0 0.379680 0.157096 0.072052 0.103938
0 0.384003 0.336060 0.099638 0.188113
0 0.520902 0.398642 0.103343 0.253257
0 0.554046 0.235050 0.074111 0.101742
0 0.502168 0.118547 0.046113 0.095154
0 0.575662 0.159536 0.041584 0.117113
0 0.628157 0.191742 0.050231 0.147855
0 0.684769 0.219923 0.058877 0.150051
0 0.688886 0.106103 0.054760 0.081979
0 0.730059 0.159902 0.044878 0.101742
0 0.896259 0.141237 0.039114 0.084907
0 0.891318 0.196866 0.048172 0.067340
0 0.879378 0.293484 0.064641 0.158103
0 0.838411 0.412183 0.079051 0.150051
0 0.793327 0.576142 0.091815 0.277412