9 0.040433 0.892297 0.080865 0.215405
3 0.189469 0.427284 0.078984 0.127880
0 0.272815 0.353001 0.065037 0.110049
3 0.315912 0.293798 0.047798 0.094726
3 0.359009 0.293798 0.044664 0.100298
3 0.397404 0.289618 0.043097 0.091940
3 0.419736 0.231111 0.040746 0.058507
0 0.398971 0.419170 0.060335 0.150447
0 0.460482 0.426135 0.056417 0.169949
0 0.524343 0.430314 0.066604 0.158805
0 0.599175 0.437279 0.076790 0.175521
3 0.438933 0.335588 0.044664 0.066865
3 0.521209 0.320962 0.082276 0.082188
0 0.523168 0.247131 0.032910 0.059900
0 0.567832 0.282653 0.061119 0.100298
3 0.634436 0.291708 0.064253 0.104477
0 0.550593 0.204644 0.032910 0.044577
3 0.610928 0.215324 0.043880 0.067794
3 0.666954 0.232969 0.050932 0.075223
0 0.744920 0.207894 0.064253 0.105870
5 0.793893 0.469783 0.082276 0.208954
3 0.831505 0.320729 0.069738 0.144875
3 0.907120 0.351376 0.072089 0.133730
3 0.976284 0.386898 0.047432 0.101691
7 0.862848 0.256650 0.035261 0.061293
3 0.966280 0.254561 0.057201 0.076616