9 0.049600 0.824714 0.099200 0.320953
0 0.269598 0.347167 0.054348 0.105402
0 0.402351 0.416822 0.068410 0.131077
0 0.458599 0.421551 0.054728 0.159454
0 0.523589 0.428983 0.073731 0.152698
0 0.605681 0.436415 0.075251 0.183778
0 0.521688 0.253314 0.033445 0.063511
0 0.566155 0.284394 0.055488 0.095943
0 0.549813 0.210072 0.031925 0.052701
0 0.747441 0.201288 0.056248 0.102699
0 0.850689 0.224260 0.034205 0.059457
5 0.780759 0.485062 0.095014 0.191885
3 0.826746 0.314122 0.072971 0.144590
3 0.906557 0.352634 0.071450 0.145941
3 0.977602 0.389795 0.044796 0.106753
3 0.973447 0.247233 0.047127 0.064863
3 0.975322 0.305339 0.049356 0.051350
3 0.195475 0.422902 0.072210 0.135131
3 0.315572 0.282367 0.041806 0.113510
3 0.356618 0.276961 0.046367 0.097294
3 0.403365 0.286421 0.044086 0.081078
3 0.418187 0.231017 0.040286 0.056755
3 0.521942 0.319527 0.077531 0.090537
3 0.442890 0.324257 0.062329 0.051350
3 0.629877 0.296555 0.065369 0.106753
3 0.665983 0.237098 0.049407 0.090537
3 0.610875 0.213450 0.053208 0.072971