3 0.188076 0.422705 0.075099 0.137022
0 0.269598 0.353316 0.070158 0.117699
0 0.309618 0.282170 0.047431 0.105402
1 0.351614 0.290075 0.054348 0.096618
0 0.398551 0.297101 0.061265 0.114185
0 0.422266 0.241765 0.063241 0.091348
0 0.402009 0.415679 0.072134 0.161616
0 0.458827 0.417435 0.079051 0.172156
0 0.522068 0.431489 0.083004 0.182697
0 0.610013 0.443786 0.096838 0.193237
0 0.447958 0.340141 0.063241 0.122969
0 0.518610 0.337505 0.087945 0.149319
0 0.519104 0.276021 0.057312 0.110672
0 0.567029 0.286561 0.058300 0.124726
0 0.622365 0.297101 0.078063 0.131752
3 0.551219 0.221563 0.064229 0.093105
3 0.606555 0.228590 0.068182 0.096618
0 0.665349 0.238252 0.063241 0.119455
0 0.749835 0.206632 0.070158 0.115942
0 0.808630 0.482433 0.110672 0.228371
0 0.966568 0.257576 0.066864 0.101888
0 0.973485 0.322574 0.053030 0.105402
3 0.977437 0.385815 0.045125 0.119455
3 0.905468 0.352437 0.071146 0.129996
3 0.827899 0.313790 0.074111 0.137022
3 0.857049 0.274264 0.065217 0.117699
9 0.296772 0.582565 0.164032 0.323232