9 0.371377 0.767018 0.289526 0.460255
3 0.944993 0.209267 0.047431 0.100132
3 0.934618 0.380545 0.064229 0.129996
1 0.736001 0.163592 0.050395 0.103645
1 0.698452 0.117918 0.044466 0.075538
1 0.446018 0.113673 0.061338 0.087542
0 0.378441 0.156986 0.070730 0.104477
0 0.389363 0.338665 0.106095 0.170122
0 0.531603 0.388130 0.082692 0.239466
1 0.496758 0.242047 0.068130 0.132215
0 0.501940 0.111867 0.046113 0.117113
0 0.569188 0.146025 0.045564 0.097594
0 0.555190 0.240204 0.069170 0.098570
0 0.626281 0.179208 0.054348 0.167862
0 0.689138 0.220197 0.060386 0.163958
0 0.892988 0.146025 0.036232 0.062460
0 0.884753 0.196287 0.043917 0.069292
0 0.874323 0.293393 0.058191 0.160055
0 0.834248 0.414898 0.054897 0.137608
0 0.800487 0.581296 0.101559 0.261553