9 0.241436 0.778107 0.199605 0.443786
1 0.368906 0.221563 0.033597 0.068511
1 0.426219 0.164471 0.029644 0.084321
1 0.594697 0.146904 0.032609 0.063241
1 0.633729 0.146025 0.033597 0.057971
1 0.673748 0.153931 0.036561 0.073781
1 0.806159 0.160079 0.042490 0.072025
1 0.858531 0.171498 0.040514 0.070268
1 0.805171 0.217172 0.056324 0.077295
8 0.460804 0.180281 0.043478 0.186210
4 0.487484 0.352437 0.081028 0.091348
0 0.306159 0.272508 0.044466 0.100132
0 0.490942 0.244401 0.060277 0.086078
0 0.708827 0.585200 0.100791 0.219587
3 0.194499 0.463109 0.066206 0.105402
3 0.247365 0.352437 0.051383 0.077295
3 0.287879 0.337505 0.045455 0.107159
3 0.347167 0.266359 0.057312 0.084321
3 0.402503 0.212780 0.045455 0.072025
3 0.604084 0.193456 0.045455 0.064998
3 0.557148 0.260211 0.050395 0.082565
3 0.618412 0.263724 0.070158 0.100132
3 0.415843 0.330479 0.048419 0.103645
3 0.383729 0.455204 0.063241 0.163373
3 0.461792 0.500878 0.081028 0.152833
3 0.807642 0.277778 0.065217 0.131752
3 0.865942 0.232104 0.043478 0.086078
3 0.788867 0.440272 0.083004 0.151076
3 0.828887 0.648441 0.107708 0.198507
4 0.660902 0.213658 0.058300 0.084321
0 0.873847 0.464866 0.071146 0.207290
1 0.558136 0.182038 0.046443 0.084321
4 0.165349 0.440272 0.045455 0.087835
1 0.879776 0.307642 0.059289 0.114185