0 0.194197 0.413422 0.082499 0.145017
0 0.263951 0.358629 0.081109 0.131010
0 0.404616 0.410950 0.055617 0.140073
0 0.449805 0.311663 0.053300 0.074980
0 0.404848 0.287768 0.057935 0.111235
0 0.419216 0.228443 0.040323 0.063445
0 0.363830 0.263049 0.037078 0.124418
0 0.541806 0.206196 0.045421 0.061797
0 0.623378 0.292712 0.068595 0.129362
0 0.569151 0.272113 0.060252 0.111235
0 0.523730 0.315783 0.060252 0.106291
0 0.462783 0.420014 0.065350 0.161496
0 0.532536 0.427018 0.072303 0.167264
0 0.614803 0.469040 0.103356 0.256252
0 0.752920 0.208256 0.098721 0.113707
0 0.856507 0.237095 0.036151 0.062621
0 0.823832 0.310427 0.071839 0.121946
3 0.969735 0.249454 0.060530 0.072509
3 0.901928 0.349153 0.075083 0.149961
3 0.968344 0.380464 0.063311 0.100523
3 0.958009 0.376756 0.000927 0.000824
7 0.977151 0.300540 0.045698 0.054381
9 0.819892 0.484283 0.109381 0.225765
3 0.663005 0.226383 0.057008 0.110411
3 0.608778 0.214024 0.048665 0.067565
3 0.320495 0.279117 0.053300 0.117002
7 0.519559 0.243274 0.044494 0.060149