9 0.297266 0.593983 0.166996 0.321476
1 0.190053 0.427097 0.075099 0.145806
0 0.273057 0.349802 0.059289 0.117699
1 0.310112 0.286561 0.048419 0.100132
1 0.352602 0.290953 0.050395 0.112429
0 0.395092 0.290953 0.058300 0.112429
0 0.419302 0.244401 0.055336 0.082565
0 0.398057 0.420949 0.070158 0.154589
0 0.460310 0.422705 0.072134 0.165130
0 0.527997 0.434124 0.071146 0.156346
0 0.610013 0.450812 0.092885 0.200264
1 0.447464 0.342776 0.072134 0.107159
0 0.519598 0.333992 0.087945 0.170400
0 0.519104 0.276899 0.051383 0.129996
0 0.567029 0.284805 0.058300 0.121212
0 0.621377 0.290953 0.076087 0.126482
0 0.554677 0.232104 0.055336 0.103645
3 0.610507 0.225955 0.066206 0.108915
3 0.669302 0.237374 0.057312 0.114185
0 0.748353 0.209267 0.065217 0.121212
0 0.811594 0.479798 0.110672 0.223101
0 0.828393 0.319060 0.079051 0.158103
0 0.967062 0.252306 0.065876 0.119455
0 0.970520 0.316425 0.058959 0.117699
3 0.977437 0.382301 0.045125 0.112429
3 0.902009 0.352437 0.072134 0.144049
3 0.856061 0.271629 0.067194 0.129996