9 0.067231 0.862326 0.134462 0.265789
0 0.780468 0.471893 0.085968 0.200264
0 0.273057 0.354194 0.063241 0.105402
0 0.748847 0.205753 0.068182 0.114185
0 0.556653 0.209267 0.041502 0.050944
0 0.525527 0.251427 0.034585 0.075538
0 0.569005 0.286561 0.058300 0.107159
0 0.633729 0.287440 0.065217 0.126482
0 0.604084 0.456083 0.073123 0.203777
0 0.530468 0.435881 0.076087 0.156346
0 0.466733 0.432367 0.067194 0.187967
0 0.397068 0.418314 0.074111 0.149319
3 0.187582 0.422705 0.072134 0.122969
3 0.316535 0.283926 0.043478 0.087835
3 0.352602 0.284805 0.038538 0.096618
3 0.391140 0.290953 0.048419 0.070268
3 0.417325 0.221563 0.031621 0.036891
3 0.446476 0.326965 0.056324 0.075538
3 0.523057 0.326087 0.077075 0.098375
3 0.614460 0.216293 0.044466 0.075538
3 0.664855 0.240009 0.036561 0.115942
3 0.832839 0.310277 0.074111 0.129996
3 0.904974 0.341019 0.054348 0.117699
3 0.976449 0.384058 0.047101 0.094862
3 0.976449 0.313790 0.047101 0.073781
3 0.974473 0.248792 0.051054 0.073781
3 0.865448 0.255819 0.042490 0.077295