1 0.224623 0.582305 0.121399 0.177412
0 0.348594 0.415866 0.087449 0.137174
0 0.419067 0.407636 0.100823 0.171925
3 0.275549 0.243941 0.066872 0.133516
3 0.333676 0.232053 0.069959 0.139003
3 0.357853 0.158893 0.062757 0.120713
3 0.409808 0.174440 0.086420 0.093278
3 0.620713 0.169867 0.076132 0.146319
3 0.716907 0.174440 0.081276 0.137174
3 0.537380 0.313443 0.078189 0.162780
3 0.944787 0.571331 0.086420 0.243256
0 0.463820 0.281436 0.058642 0.171925
0 0.819787 0.515546 0.116255 0.208505
3 0.878944 0.278692 0.094650 0.148148
3 0.956619 0.316187 0.085391 0.124371
1 0.629458 0.346365 0.077160 0.166438
7 0.959191 0.239369 0.063786 0.131687