3 0.201910 0.455204 0.071146 0.100132
3 0.236989 0.350681 0.032609 0.084321
3 0.278491 0.351559 0.056324 0.075538
3 0.348155 0.276899 0.059289 0.063241
3 0.404480 0.214537 0.047431 0.086078
3 0.466733 0.492095 0.079051 0.121212
3 0.370389 0.459596 0.064229 0.119455
3 0.328393 0.436759 0.039526 0.129996
3 0.420784 0.331357 0.058300 0.094862
3 0.558630 0.247914 0.049407 0.086078
3 0.710310 0.592227 0.107708 0.191480
3 0.827899 0.644928 0.107708 0.198507
3 0.797266 0.416557 0.072134 0.187967
3 0.810112 0.269873 0.066206 0.112429
3 0.662385 0.191700 0.055336 0.107159
3 0.609025 0.189943 0.049407 0.072025
1 0.313570 0.254062 0.029644 0.080808
1 0.368906 0.218928 0.037549 0.066755
1 0.428689 0.153052 0.022727 0.050944
1 0.593215 0.146904 0.039526 0.063241
1 0.630764 0.139877 0.019763 0.063241
1 0.678689 0.137242 0.030632 0.054458
1 0.806653 0.153931 0.031621 0.056214
1 0.858037 0.151296 0.027668 0.050944
1 0.805171 0.211023 0.064229 0.064998
4 0.488966 0.351559 0.078063 0.093105
4 0.453887 0.185551 0.033597 0.049188
0 0.548254 0.168863 0.036561 0.072025
0 0.493906 0.236495 0.050395 0.101888
0 0.614954 0.254941 0.059289 0.131752
3 0.861989 0.231225 0.051383 0.084321
0 0.876318 0.438516 0.076087 0.189723
9 0.312088 0.798309 0.218379 0.403382
4 0.161891 0.443786 0.028656 0.080808
1 0.876318 0.312033 0.048419 0.084321