3 0.354767 0.130544 0.046296 0.064015
4 0.409808 0.179927 0.078189 0.111568
3 0.270405 0.239369 0.048354 0.087791
3 0.328532 0.228395 0.059671 0.124371
0 0.343450 0.407636 0.081276 0.160951
1 0.222565 0.584134 0.100823 0.203018
0 0.420096 0.409465 0.086420 0.201189
0 0.464335 0.292410 0.057613 0.157293
3 0.535837 0.305213 0.070988 0.117055
1 0.623800 0.323503 0.065844 0.095107
3 0.614026 0.160722 0.058642 0.113397
3 0.719993 0.184499 0.073045 0.131687
0 0.808470 0.520119 0.116255 0.188386
3 0.933985 0.576818 0.110082 0.217650
6 0.886660 0.273205 0.075103 0.111568
3 0.961763 0.299726 0.058642 0.135345
7 0.958162 0.201875 0.049383 0.085963