9 0.058768 0.824714 0.117536 0.330983
5 0.778985 0.481555 0.086957 0.202020
3 0.191535 0.427975 0.074111 0.126482
3 0.318017 0.286561 0.046443 0.107159
3 0.355567 0.281291 0.048419 0.089592
3 0.396574 0.283926 0.049407 0.070268
3 0.417819 0.225955 0.040514 0.052701
3 0.634223 0.296223 0.072134 0.098375
3 0.612978 0.222442 0.051383 0.073781
3 0.666337 0.242644 0.047431 0.100132
3 0.835804 0.311155 0.068182 0.135266
3 0.904974 0.347167 0.074111 0.133509
3 0.982378 0.388450 0.035244 0.114185
3 0.979414 0.312033 0.041172 0.077295
3 0.971673 0.247914 0.037549 0.068511
3 0.518610 0.334870 0.074111 0.122969
3 0.445982 0.320817 0.049407 0.052701
0 0.272563 0.359464 0.070158 0.119455
0 0.399045 0.427975 0.064229 0.161616
0 0.460310 0.427975 0.058300 0.154589
0 0.521080 0.439394 0.069170 0.149319
0 0.606555 0.454326 0.085968 0.154589
0 0.521574 0.250549 0.026680 0.063241
0 0.553689 0.209267 0.033597 0.061484
0 0.564065 0.291831 0.056324 0.096618
0 0.744895 0.205753 0.058300 0.110672
0 0.855567 0.240887 0.038538 0.061484