1 0.207133 0.580476 0.080247 0.148148
0 0.332133 0.402149 0.079218 0.128029
0 0.418553 0.400320 0.062757 0.153635
3 0.274520 0.231139 0.058642 0.085963
3 0.326475 0.211934 0.045267 0.113397
3 0.347051 0.144262 0.043210 0.080476
3 0.393861 0.175354 0.062757 0.091449
3 0.613512 0.147920 0.053498 0.109739
3 0.722051 0.169867 0.077160 0.102423
7 0.962277 0.218336 0.059671 0.111568
3 0.885117 0.268633 0.053498 0.102423
6 0.955590 0.292410 0.048354 0.120713
0 0.807956 0.506401 0.109053 0.204847
0 0.944273 0.559442 0.103909 0.193873
0 0.464849 0.281436 0.056584 0.149977
3 0.534808 0.301555 0.064815 0.149977
1 0.626886 0.341792 0.072016 0.164609