9 0.378294 0.778107 0.293478 0.443786
3 0.944499 0.210145 0.066206 0.105402
3 0.943511 0.383180 0.072134 0.142292
4 0.445982 0.110892 0.049407 0.068511
0 0.381395 0.155998 0.074111 0.113453
0 0.384072 0.336060 0.109107 0.186649
1 0.498463 0.242369 0.065053 0.132484
0 0.500727 0.119767 0.044878 0.102474
0 0.575867 0.162952 0.046113 0.106866
0 0.536204 0.385833 0.075758 0.227639
0 0.558438 0.244565 0.069170 0.098814
0 0.623422 0.191864 0.069582 0.136876
0 0.686622 0.101468 0.059289 0.080515
0 0.732117 0.157462 0.052289 0.113453
0 0.690121 0.225900 0.050642 0.168350
0 0.888642 0.146117 0.049407 0.073196
0 0.881437 0.199184 0.058877 0.057825
0 0.870938 0.295070 0.056818 0.158835
0 0.829559 0.424627 0.076169 0.136876
0 0.800670 0.598833 0.112813 0.280340