3 0.202404 0.455204 0.072134 0.100132
3 0.236989 0.349802 0.032609 0.068511
3 0.275033 0.346289 0.051383 0.068511
3 0.345191 0.276899 0.049407 0.077295
3 0.402009 0.214537 0.050395 0.079051
3 0.330863 0.432367 0.038538 0.117699
3 0.379776 0.456083 0.071146 0.133509
3 0.464262 0.490338 0.082016 0.128239
3 0.419796 0.334870 0.056324 0.094862
3 0.712780 0.593105 0.116601 0.189723
3 0.825922 0.644049 0.101779 0.214317
6 0.799736 0.427097 0.073123 0.198507
6 0.874835 0.443786 0.081028 0.186210
3 0.810606 0.280413 0.073123 0.112429
3 0.861989 0.228590 0.047431 0.086078
3 0.561594 0.250549 0.049407 0.087835
3 0.659914 0.196970 0.054348 0.110672
3 0.616930 0.256697 0.055336 0.131752
3 0.603590 0.175889 0.032609 0.050944
1 0.309618 0.257576 0.033597 0.101888
1 0.365942 0.218050 0.035573 0.072025
1 0.430665 0.152174 0.032609 0.059728
1 0.597661 0.143390 0.040514 0.056214
1 0.634717 0.143390 0.019763 0.049188
1 0.678195 0.137242 0.031621 0.057971
1 0.804183 0.151296 0.034585 0.072025
1 0.861495 0.157444 0.030632 0.056214
1 0.802207 0.211902 0.056324 0.063241
4 0.492424 0.356829 0.077075 0.096618
4 0.452404 0.184673 0.030632 0.050944
0 0.492918 0.237374 0.058300 0.110672
0 0.555171 0.170619 0.038538 0.079051
9 0.314559 0.796552 0.195652 0.406895
4 0.162879 0.453448 0.034585 0.082565
1 0.870883 0.313790 0.073123 0.087835