9 0.809140 0.484468 0.112903 0.238949
9 0.278226 0.608722 0.174731 0.334528
0 0.609817 0.457764 0.090601 0.217709
0 0.523945 0.438736 0.069196 0.183194
0 0.400737 0.418381 0.059737 0.160184
0 0.454749 0.317049 0.070191 0.070800
0 0.270062 0.355989 0.078156 0.132749
0 0.188421 0.421036 0.070191 0.146024
0 0.419156 0.232532 0.062724 0.046905
0 0.750448 0.211293 0.073178 0.151334
0 0.821386 0.313067 0.063720 0.130094
3 0.971675 0.387849 0.056650 0.099119
3 0.901533 0.354219 0.064715 0.138059
3 0.595629 0.174123 0.008463 0.000885
3 0.611808 0.216160 0.056750 0.079650
3 0.323327 0.287402 0.049283 0.092924
3 0.402230 0.295367 0.059737 0.096464
3 0.545599 0.214833 0.038829 0.041595
3 0.669305 0.232090 0.058244 0.115049
0 0.523198 0.305102 0.065711 0.089384
0 0.568996 0.272800 0.047790 0.097349
0 0.623009 0.294040 0.072182 0.111509
7 0.520709 0.243595 0.029869 0.047790
7 0.384807 0.289615 0.000996 0.000000
7 0.366388 0.259967 0.031860 0.062835
7 0.980137 0.308642 0.039725 0.062835
3 0.969235 0.249347 0.058742 0.064605
3 0.866438 0.253772 0.053266 0.057525
3 0.455939 0.431041 0.068464 0.170251