9 0.054537 0.834744 0.109074 0.300893
0 0.273513 0.347905 0.063089 0.112158
0 0.404632 0.421551 0.054728 0.148644
0 0.464300 0.425605 0.057008 0.183778
0 0.521688 0.428983 0.066890 0.174318
0 0.601880 0.441145 0.087413 0.174318
0 0.519408 0.255340 0.041046 0.070268
0 0.550193 0.212774 0.040286 0.068917
0 0.567295 0.286421 0.054728 0.089186
3 0.636085 0.293177 0.058528 0.108104
0 0.750101 0.206693 0.064609 0.108104
0 0.851829 0.236422 0.038005 0.075673
5 0.777638 0.476637 0.086238 0.193237
3 0.831537 0.310549 0.068272 0.132551
3 0.906097 0.350474 0.070068 0.132551
3 0.980447 0.395190 0.039106 0.106999
3 0.979548 0.309751 0.040903 0.067074
3 0.975955 0.248267 0.048090 0.075059
3 0.193736 0.424735 0.075458 0.124566
3 0.315008 0.284199 0.037729 0.118178
3 0.353635 0.277013 0.039526 0.100611
3 0.397652 0.289789 0.041322 0.094223
3 0.414271 0.225110 0.040424 0.051104
3 0.439873 0.316937 0.050305 0.068671
3 0.512636 0.316937 0.070068 0.071865
3 0.614460 0.211023 0.048419 0.075538
3 0.668808 0.235617 0.056324 0.103645