9 0.366930 0.769653 0.272727 0.447958
3 0.936023 0.382641 0.061614 0.136402
3 0.948810 0.208522 0.055801 0.100235
3 0.495581 0.233220 0.064229 0.109794
3 0.437733 0.109153 0.053113 0.082711
0 0.372886 0.159780 0.092227 0.120041
0 0.497228 0.114765 0.055171 0.131020
0 0.571750 0.157950 0.046937 0.114917
0 0.683122 0.123182 0.058877 0.084907
0 0.388733 0.341514 0.111356 0.174994
0 0.528213 0.396580 0.072590 0.262153
0 0.556337 0.244558 0.080952 0.101348
0 0.627090 0.183862 0.072210 0.156076
0 0.682008 0.224739 0.072590 0.163508
0 0.745667 0.153120 0.067650 0.104051
0 0.892812 0.142309 0.046747 0.079727
0 0.875519 0.196024 0.071450 0.072295
0 0.877230 0.297597 0.052067 0.174994
0 0.834284 0.406039 0.074111 0.127023
0 0.793808 0.596348 0.098054 0.277018