9 0.356061 0.769653 0.256917 0.451471
0 0.373063 0.158207 0.078581 0.106238
0 0.501521 0.123073 0.071993 0.102892
0 0.444821 0.115126 0.053642 0.080306
0 0.388826 0.348098 0.104461 0.174833
0 0.533283 0.394525 0.064935 0.240919
0 0.497287 0.244787 0.064465 0.123805
0 0.553281 0.252734 0.071993 0.111258
0 0.570927 0.154861 0.054583 0.127988
0 0.625510 0.187486 0.072464 0.136353
0 0.689033 0.223874 0.067758 0.163958
0 0.675858 0.124746 0.030115 0.096200
0 0.732088 0.161972 0.042819 0.112094
0 0.892465 0.148587 0.043290 0.090344
0 0.882113 0.296234 0.064935 0.149738
0 0.837647 0.425058 0.071993 0.164795
0 0.793180 0.586089 0.091286 0.260995
3 0.933167 0.387415 0.068229 0.168141
3 0.940696 0.209235 0.058818 0.111258
3 0.883729 0.206632 0.067194 0.063241