9 0.210804 0.782499 0.245059 0.435002
8 0.468215 0.115283 0.042490 0.112429
1 0.371377 0.214537 0.034585 0.054458
1 0.428689 0.163592 0.034585 0.064998
1 0.597167 0.146025 0.033597 0.064998
1 0.639657 0.155687 0.037549 0.066755
1 0.682642 0.153052 0.040514 0.079051
1 0.810606 0.160957 0.041502 0.084321
1 0.857543 0.170619 0.040514 0.079051
1 0.805171 0.218050 0.054348 0.061484
1 0.557642 0.182038 0.039526 0.091348
4 0.456357 0.181159 0.044466 0.043917
4 0.659914 0.217172 0.066206 0.077295
4 0.490942 0.353316 0.083992 0.086078
3 0.195982 0.459596 0.065217 0.112429
3 0.244895 0.347167 0.048419 0.098375
3 0.289361 0.338384 0.046443 0.122969
3 0.400527 0.218928 0.045455 0.087835
3 0.550725 0.254941 0.049407 0.072025
3 0.602108 0.197848 0.045455 0.066755
3 0.613472 0.264603 0.062253 0.115942
3 0.861001 0.227712 0.045455 0.098375
3 0.811594 0.287440 0.065217 0.133509
3 0.790349 0.434124 0.095850 0.145806
3 0.832839 0.642292 0.121542 0.203777
3 0.472167 0.501757 0.087945 0.137022
3 0.384223 0.459596 0.089921 0.154589
3 0.415843 0.331357 0.052372 0.087835
0 0.706851 0.583443 0.112648 0.226614
0 0.877800 0.460474 0.079051 0.166886
1 0.349638 0.269873 0.050395 0.091348
5 0.308136 0.257576 0.038538 0.077295
4 0.166831 0.440272 0.034585 0.080808
1 0.877800 0.319060 0.051383 0.101888
0 0.492918 0.247036 0.054348 0.101888