0 0.224144 0.574660 0.127470 0.212560
0 0.352108 0.417435 0.094862 0.161616
0 0.443017 0.435002 0.104743 0.175670
0 0.483037 0.285683 0.076087 0.179183
0 0.548254 0.283926 0.083992 0.189723
0 0.601120 0.315547 0.114625 0.161616
0 0.803689 0.537769 0.152174 0.240668
0 0.346179 0.225077 0.063241 0.131752
0 0.404974 0.167106 0.080040 0.114185
3 0.612484 0.160079 0.064229 0.114185
3 0.723155 0.183794 0.072134 0.122969
7 0.954875 0.199605 0.045455 0.063241
4 0.877306 0.285683 0.080040 0.115942
3 0.955698 0.312912 0.088603 0.149319
4 0.280468 0.245279 0.074111 0.087835
1 0.933136 0.593105 0.132411 0.221344
3 0.353590 0.136364 0.036561 0.056214