9 0.337780 0.588713 0.163043 0.310935
6 0.733531 0.479798 0.106719 0.219587
0 0.747365 0.208388 0.063241 0.108915
0 0.608037 0.443786 0.092885 0.193237
0 0.525033 0.442029 0.081028 0.193237
0 0.404480 0.421827 0.065217 0.166886
0 0.517128 0.257576 0.049407 0.059728
0 0.571970 0.271629 0.046443 0.119455
0 0.264163 0.356829 0.053360 0.110672
0 0.310112 0.297980 0.048419 0.094862
5 0.965744 0.249671 0.065217 0.096618
5 0.420784 0.230347 0.042490 0.057971
5 0.903985 0.344532 0.064229 0.156346
3 0.190053 0.429732 0.071146 0.144049
3 0.357049 0.293588 0.043478 0.107159
3 0.404480 0.290953 0.059289 0.094862
3 0.451416 0.327844 0.056324 0.073781
3 0.515646 0.320817 0.070158 0.073781
3 0.454381 0.444664 0.085968 0.173913
3 0.612484 0.211902 0.056324 0.059728
3 0.550725 0.206632 0.029644 0.070268
3 0.666831 0.240009 0.050395 0.108915
3 0.626812 0.296223 0.090909 0.108915
3 0.831357 0.328722 0.077075 0.135266
3 0.859025 0.270751 0.057312 0.100132
4 0.971014 0.377031 0.057971 0.144049
3 0.969532 0.298858 0.060935 0.057971