9 0.374835 0.775472 0.266798 0.449056
3 0.938838 0.212222 0.047554 0.103206
3 0.939765 0.382402 0.058053 0.140536
1 0.443017 0.110892 0.051383 0.072025
1 0.675231 0.130215 0.041502 0.072025
1 0.737484 0.153931 0.047431 0.091348
0 0.377324 0.155134 0.069170 0.109306
0 0.391597 0.342515 0.104304 0.171766
0 0.494803 0.226378 0.064778 0.107354
0 0.502489 0.119024 0.048309 0.103450
0 0.571659 0.163918 0.048309 0.121017
0 0.624085 0.181973 0.045564 0.137608
0 0.693529 0.216131 0.038428 0.139560
0 0.523349 0.383017 0.051603 0.241058
0 0.549425 0.234186 0.063131 0.099546
0 0.896831 0.140495 0.039526 0.076124
0 0.884204 0.193196 0.049407 0.070268
0 0.868284 0.285423 0.061484 0.145416
0 0.839463 0.416199 0.067523 0.133704
0 0.797742 0.590405 0.097167 0.261553