9 0.377306 0.773166 0.265810 0.451471
3 0.943511 0.212780 0.052372 0.110672
3 0.939065 0.382301 0.079051 0.144049
4 0.439065 0.110892 0.055336 0.079051
0 0.378638 0.165522 0.073662 0.119775
0 0.384926 0.339196 0.115882 0.184453
0 0.533372 0.386307 0.073212 0.237154
1 0.496317 0.235391 0.068272 0.123767
0 0.561444 0.239383 0.055695 0.101409
0 0.501033 0.118411 0.060636 0.111790
0 0.571101 0.158735 0.053450 0.109394
0 0.626123 0.179895 0.076356 0.142133
0 0.685411 0.101642 0.060187 0.084641
0 0.733246 0.155142 0.056144 0.114984
0 0.688556 0.224611 0.077255 0.170879
0 0.890152 0.139172 0.043568 0.079850
0 0.885885 0.193470 0.056594 0.073462
0 0.873084 0.294080 0.052551 0.164491
0 0.829665 0.417981 0.076806 0.128558
0 0.794481 0.587263 0.101958 0.265900