9 0.058063 0.830983 0.116126 0.308416
3 0.190053 0.416557 0.071146 0.121212
3 0.312582 0.276899 0.039526 0.101888
3 0.354578 0.284805 0.038538 0.100132
3 0.397563 0.288318 0.049407 0.096618
3 0.526515 0.333992 0.070158 0.124726
3 0.445982 0.322574 0.073123 0.077295
3 0.630270 0.297101 0.066206 0.096618
3 0.612978 0.224199 0.051383 0.070268
3 0.669302 0.241765 0.047431 0.094862
3 0.834321 0.325209 0.071146 0.156346
3 0.909914 0.345411 0.066206 0.137022
3 0.983860 0.389328 0.032279 0.098375
3 0.978426 0.317303 0.043148 0.080808
3 0.975626 0.247914 0.043478 0.072025
5 0.774045 0.478920 0.086957 0.186210
0 0.273057 0.349802 0.067194 0.103645
0 0.417819 0.218050 0.030632 0.050944
0 0.398551 0.417435 0.053360 0.140536
0 0.462286 0.419192 0.056324 0.165130
0 0.520092 0.432367 0.063241 0.163373
0 0.598155 0.425340 0.088933 0.159859
0 0.520586 0.250549 0.030632 0.052701
0 0.548748 0.211023 0.037549 0.043917
0 0.565053 0.283926 0.052372 0.105402
0 0.748353 0.204875 0.057312 0.108915
0 0.857049 0.243522 0.037549 0.066755