0 0.227709 0.598765 0.117284 0.210334
0 0.347051 0.422268 0.096708 0.190215
0 0.425240 0.438729 0.121399 0.208505
0 0.807956 0.543896 0.141975 0.268861
3 0.274005 0.245770 0.061728 0.093278
3 0.335734 0.242112 0.074074 0.151806
3 0.355796 0.150663 0.068930 0.118884
3 0.408265 0.183585 0.068930 0.100594
3 0.608882 0.157064 0.068930 0.146319
3 0.709191 0.179927 0.084362 0.122542
3 0.879973 0.293324 0.063786 0.111568
3 0.955933 0.316187 0.088134 0.168267
3 0.941529 0.585048 0.116941 0.281664
6 0.462791 0.293324 0.066872 0.173754
6 0.527092 0.307042 0.090535 0.149977
1 0.627915 0.359168 0.109053 0.177412
7 0.957133 0.248514 0.059671 0.146319