1 0.219086 0.584827 0.131720 0.210275
0 0.934812 0.612306 0.119624 0.265233
5 0.797043 0.552569 0.142473 0.265233
7 0.888441 0.201314 0.064516 0.059737
4 0.875672 0.295699 0.068548 0.100358
0 0.959677 0.323178 0.080645 0.160096
1 0.716398 0.176225 0.118280 0.129032
3 0.601478 0.170251 0.076613 0.126643
0 0.612231 0.332736 0.084677 0.164875
0 0.331989 0.235962 0.061828 0.129032
4 0.276210 0.247909 0.047043 0.119474
6 0.525538 0.301673 0.086022 0.160096
0 0.429435 0.424731 0.076613 0.167264
0 0.350134 0.406810 0.076613 0.169654
3 0.409274 0.176225 0.087366 0.095579
5 0.346102 0.417563 0.004032 0.009558
0 0.405242 0.178614 0.004032 0.004779
7 0.422715 0.164277 0.001344 0.000000
7 0.350134 0.134409 0.044355 0.054958
0 0.450941 0.280167 0.036290 0.112306