1 0.225137 0.600594 0.132716 0.181070
1 0.626886 0.352766 0.092593 0.139003
0 0.354767 0.409465 0.075103 0.208505
0 0.433985 0.419524 0.105967 0.188386
0 0.465363 0.295153 0.069959 0.173754
0 0.810014 0.541152 0.121399 0.208505
3 0.276577 0.256744 0.077160 0.107910
3 0.335734 0.244856 0.082305 0.139003
3 0.354767 0.157979 0.052469 0.111568
3 0.405693 0.184499 0.086420 0.109739
3 0.611454 0.162551 0.055556 0.131687
3 0.724108 0.185414 0.075103 0.111568
3 0.883059 0.286923 0.069959 0.117055
3 0.947359 0.314358 0.099794 0.128029
3 0.930213 0.604252 0.139574 0.276177
3 0.533779 0.313443 0.091564 0.148148
7 0.965706 0.237540 0.068587 0.157293