9 0.380764 0.768445 0.270751 0.463109
3 0.942523 0.213658 0.048419 0.119455
3 0.934124 0.382301 0.065217 0.147563
1 0.445487 0.102986 0.058300 0.087835
1 0.675231 0.134607 0.041502 0.070268
1 0.740942 0.159201 0.050395 0.101888
0 0.378189 0.157670 0.074560 0.109394
0 0.388520 0.338131 0.118577 0.166886
0 0.532025 0.388836 0.068721 0.258714
0 0.496542 0.241912 0.064229 0.122969
0 0.559423 0.237520 0.066924 0.088633
0 0.504177 0.122137 0.048060 0.105402
0 0.572898 0.148488 0.048958 0.118178
0 0.623428 0.185618 0.069170 0.147722
0 0.696491 0.216759 0.037729 0.149319
0 0.893520 0.144894 0.044916 0.066275
0 0.887457 0.198394 0.068721 0.069469
0 0.871512 0.305792 0.055695 0.162894
0 0.833109 0.411992 0.061534 0.129357
0 0.787220 0.583270 0.112289 0.262706