9 0.102022 0.892297 0.118477 0.215405
0 0.777997 0.486825 0.088933 0.209047
3 0.195982 0.429732 0.083004 0.119455
3 0.315547 0.287440 0.049407 0.105402
3 0.358531 0.283048 0.046443 0.093105
3 0.402503 0.285683 0.057312 0.087835
3 0.450922 0.334870 0.051383 0.077295
3 0.829381 0.317303 0.071146 0.151076
3 0.908432 0.347167 0.069170 0.105402
3 0.980896 0.388450 0.038208 0.089592
3 0.978426 0.318182 0.043148 0.079051
3 0.973650 0.247914 0.037549 0.075538
3 0.664361 0.240009 0.063241 0.101888
3 0.420290 0.225077 0.041502 0.043917
0 0.278491 0.355951 0.076087 0.108915
0 0.403491 0.423584 0.071146 0.152833
0 0.460804 0.420949 0.067194 0.168643
0 0.520092 0.433245 0.071146 0.165130
0 0.604084 0.442907 0.092885 0.187967
0 0.522563 0.315547 0.066206 0.091348
0 0.529480 0.254941 0.044466 0.061484
0 0.569993 0.281291 0.050395 0.093105
0 0.548748 0.201361 0.029644 0.045674
0 0.618906 0.213658 0.063241 0.059728
0 0.632740 0.293588 0.081028 0.121212
0 0.744401 0.199605 0.065217 0.115942