9 0.339262 0.582565 0.160079 0.295125
6 0.737978 0.480676 0.101779 0.217830
0 0.399045 0.424462 0.048419 0.161616
0 0.523057 0.436759 0.069170 0.165130
0 0.608531 0.444664 0.093874 0.198507
0 0.518116 0.256697 0.041502 0.064998
0 0.570487 0.276021 0.045455 0.124726
0 0.747859 0.208388 0.060277 0.108915
5 0.972497 0.286561 0.055006 0.057971
3 0.190053 0.429732 0.071146 0.144049
3 0.451416 0.430610 0.078063 0.166886
3 0.269598 0.365613 0.058300 0.107159
3 0.315547 0.297980 0.041502 0.098375
3 0.356061 0.295345 0.051383 0.103645
3 0.403491 0.294466 0.057312 0.094862
3 0.418808 0.233860 0.030632 0.050944
3 0.449440 0.326087 0.066206 0.066755
3 0.517128 0.320817 0.069170 0.084321
3 0.547760 0.212780 0.035573 0.072025
3 0.612978 0.215415 0.051383 0.052701
3 0.664855 0.242644 0.050395 0.114185
3 0.621377 0.299736 0.076087 0.112429
3 0.828887 0.321695 0.078063 0.128239
3 0.898551 0.354194 0.069170 0.133509
3 0.862978 0.280413 0.049407 0.112429
3 0.963274 0.243522 0.062253 0.059728
4 0.965580 0.382301 0.068840 0.119455