9 0.263441 0.586022 0.150538 0.327360
9 0.815972 0.474081 0.100433 0.202443
0 0.186679 0.423304 0.073178 0.123457
0 0.274231 0.341000 0.064591 0.127439
0 0.365330 0.260686 0.035469 0.100889
0 0.398932 0.285577 0.042189 0.093588
0 0.420587 0.227499 0.045176 0.054427
0 0.441308 0.309804 0.058244 0.061065
0 0.402292 0.411689 0.059364 0.134740
0 0.463896 0.416003 0.057870 0.161954
0 0.526060 0.423304 0.073178 0.164609
0 0.610626 0.447863 0.096700 0.213726
0 0.624440 0.289891 0.069818 0.112837
0 0.564329 0.274293 0.050403 0.104208
0 0.560596 0.207587 0.048910 0.045135
0 0.519153 0.310467 0.069071 0.092924
0 0.827733 0.313122 0.064217 0.118147
0 0.860962 0.241106 0.051523 0.063056
3 0.968115 0.244756 0.056750 0.090269
3 0.900911 0.348301 0.067204 0.127439
3 0.973604 0.377838 0.052792 0.104208
7 0.978271 0.297192 0.043458 0.054427
0 0.747088 0.203936 0.068698 0.128103
3 0.668683 0.230154 0.052270 0.100889
3 0.605772 0.209246 0.068324 0.061728
7 0.512433 0.239115 0.047416 0.053763
3 0.318660 0.284249 0.064591 0.085623