9 0.283926 0.598375 0.191700 0.319719
0 0.187582 0.422705 0.072134 0.137022
0 0.273551 0.349802 0.076087 0.121212
0 0.311100 0.285683 0.052372 0.098375
1 0.350132 0.292710 0.053360 0.105402
1 0.396080 0.296223 0.062253 0.094862
0 0.419796 0.244401 0.062253 0.086078
0 0.399539 0.416557 0.065217 0.152833
0 0.461298 0.420949 0.066206 0.165130
0 0.522563 0.440272 0.083992 0.172156
0 0.608037 0.447299 0.096838 0.200264
0 0.444993 0.333992 0.071146 0.121212
0 0.514163 0.340141 0.090909 0.158103
0 0.515646 0.278656 0.060277 0.115942
0 0.568511 0.282170 0.057312 0.115942
0 0.622859 0.297980 0.084980 0.126482
3 0.554677 0.223320 0.057312 0.100132
3 0.611495 0.228590 0.062253 0.103645
3 0.669302 0.241765 0.059289 0.122969
0 0.748353 0.207510 0.069170 0.110672
0 0.817029 0.480676 0.097826 0.224857
3 0.828393 0.318182 0.073123 0.152833
3 0.902009 0.355951 0.076087 0.137022
3 0.975461 0.384058 0.049078 0.108915
3 0.855567 0.274264 0.068182 0.124726
3 0.974473 0.325209 0.051054 0.103645
0 0.965580 0.255819 0.068840 0.105402