9 0.193700 0.879878 0.095910 0.205610
0 0.779974 0.478041 0.084980 0.209047
3 0.185606 0.427975 0.072134 0.119455
3 0.313076 0.289196 0.044466 0.101888
3 0.357543 0.289196 0.050395 0.101888
3 0.396574 0.285683 0.049407 0.080808
3 0.413373 0.222442 0.033597 0.042161
3 0.667819 0.235617 0.046443 0.100132
3 0.636693 0.297101 0.063241 0.110672
3 0.520092 0.318182 0.079051 0.107159
3 0.440053 0.326087 0.061265 0.059728
3 0.828393 0.321695 0.071146 0.135266
3 0.856555 0.246157 0.022727 0.068511
3 0.971179 0.237374 0.038538 0.050944
3 0.903985 0.347167 0.078063 0.126482
3 0.980896 0.381423 0.038208 0.089592
3 0.979908 0.308520 0.040184 0.059728
0 0.277997 0.353316 0.073123 0.107159
0 0.401515 0.419192 0.059289 0.151076
0 0.459321 0.419192 0.050395 0.158103
0 0.519598 0.435002 0.068182 0.151076
0 0.597167 0.438516 0.075099 0.182697
0 0.519104 0.252306 0.025692 0.056214
0 0.571476 0.289196 0.061265 0.112429
0 0.552701 0.211023 0.033597 0.043917
0 0.611989 0.211902 0.037549 0.045674
0 0.746377 0.206632 0.055336 0.115942