9 0.356061 0.775472 0.256917 0.449056
3 0.939065 0.211023 0.047431 0.107159
3 0.939559 0.384058 0.056324 0.133509
1 0.438076 0.105621 0.053360 0.079051
0 0.738966 0.155687 0.054348 0.101888
1 0.688076 0.109135 0.053360 0.054458
0 0.381838 0.158726 0.066608 0.094992
0 0.391170 0.338300 0.104304 0.175670
0 0.532438 0.388724 0.069902 0.238781
0 0.495840 0.233223 0.061850 0.122969
0 0.552018 0.244609 0.062948 0.097594
0 0.500232 0.113616 0.051603 0.100197
0 0.569951 0.159485 0.046113 0.113860
0 0.623018 0.184209 0.068804 0.154199
0 0.684746 0.225199 0.068804 0.173718
0 0.899758 0.148425 0.045015 0.082630
0 0.884021 0.198198 0.059655 0.066364
0 0.874872 0.293515 0.064778 0.152898
0 0.829857 0.408351 0.079417 0.132728
0 0.798382 0.588900 0.105768 0.273915