9 0.056653 0.842266 0.113305 0.305908
0 0.269104 0.355072 0.067194 0.117699
0 0.402997 0.422705 0.068182 0.151076
0 0.458827 0.420949 0.055336 0.161616
0 0.521080 0.427975 0.069170 0.161616
0 0.601120 0.442029 0.086957 0.182697
0 0.855567 0.243522 0.038538 0.073781
0 0.520586 0.259332 0.032609 0.063241
0 0.549242 0.213658 0.032609 0.063241
0 0.568511 0.288318 0.069170 0.089592
0 0.748847 0.206632 0.064229 0.112429
3 0.188570 0.422705 0.068182 0.122969
3 0.317523 0.283048 0.037549 0.100132
3 0.353590 0.279534 0.046443 0.079051
3 0.396080 0.286561 0.048419 0.082565
3 0.450428 0.326965 0.056324 0.057971
3 0.519104 0.321695 0.061265 0.096618
3 0.632246 0.297980 0.062253 0.098375
3 0.609519 0.220685 0.048419 0.084321
3 0.666831 0.240009 0.054348 0.101888
3 0.828887 0.311155 0.058300 0.135266
3 0.906950 0.351559 0.072134 0.117699
3 0.980402 0.389328 0.039196 0.112429
3 0.975461 0.305007 0.049078 0.063241
3 0.973650 0.248792 0.049407 0.066755
5 0.777009 0.478920 0.084980 0.200264
0 0.423254 0.228590 0.043478 0.064998