1 0.217936 0.590535 0.130658 0.234111
0 0.350137 0.408551 0.094650 0.192044
0 0.433985 0.414037 0.099794 0.188386
3 0.271433 0.240283 0.077160 0.115226
3 0.336763 0.224737 0.076132 0.128029
3 0.352709 0.159808 0.060700 0.115226
3 0.411351 0.182670 0.091564 0.098765
3 0.612483 0.162551 0.092593 0.124371
3 0.725137 0.183585 0.083333 0.122542
3 0.874829 0.288752 0.078189 0.120713
3 0.950446 0.297897 0.089506 0.131687
3 0.946674 0.599680 0.106652 0.252401
0 0.804355 0.539323 0.134774 0.263374
6 0.468450 0.297897 0.067901 0.190215
6 0.535837 0.315272 0.087449 0.140832
1 0.628429 0.369227 0.114198 0.186557
7 0.954047 0.246685 0.076132 0.160951