9 0.323029 0.592991 0.153226 0.336121
9 0.823029 0.479092 0.115591 0.200717
3 0.177867 0.412983 0.101254 0.151334
3 0.315140 0.275004 0.034562 0.092166
3 0.360263 0.285245 0.043203 0.104113
3 0.601238 0.205880 0.045123 0.075098
3 0.663402 0.224228 0.045603 0.087899
3 0.901018 0.339435 0.071525 0.130568
3 0.961742 0.237882 0.057124 0.062297
3 0.974222 0.372717 0.043683 0.074245
7 0.974942 0.293779 0.042243 0.073391
7 0.854935 0.242149 0.038402 0.046936
7 0.407306 0.218254 0.034082 0.033282
7 0.550355 0.199053 0.039843 0.032429
7 0.782210 0.265190 0.000480 0.002560
0 0.759409 0.209720 0.063364 0.125448
0 0.832613 0.312980 0.054243 0.116914
0 0.446669 0.320661 0.059044 0.087899
0 0.401786 0.284392 0.040323 0.083632
0 0.270737 0.350956 0.059524 0.109234
0 0.403466 0.411973 0.049443 0.151050
0 0.462030 0.427761 0.048483 0.150196
0 0.528514 0.436721 0.068164 0.171531
0 0.625480 0.458056 0.105607 0.229561
3 0.515553 0.306580 0.057604 0.093873
6 0.523474 0.254096 0.034082 0.053763
6 0.571957 0.276284 0.042723 0.103260
6 0.623560 0.288232 0.065284 0.123741