9 0.273551 0.771959 0.174901 0.456082
1 0.366436 0.215415 0.026680 0.073781
1 0.433630 0.162714 0.032609 0.073781
1 0.596673 0.147782 0.034585 0.061484
1 0.637681 0.149539 0.029644 0.057971
1 0.680171 0.152174 0.035573 0.073781
1 0.809618 0.160079 0.041502 0.079051
1 0.860507 0.171498 0.036561 0.077295
1 0.805171 0.211023 0.052372 0.072025
4 0.458827 0.180281 0.047431 0.038647
4 0.488966 0.357708 0.080040 0.098375
0 0.711792 0.580808 0.110672 0.228371
0 0.556159 0.169741 0.044466 0.066755
3 0.199934 0.449934 0.063241 0.110672
3 0.239460 0.344532 0.035573 0.079051
3 0.279480 0.356829 0.056324 0.072025
3 0.344203 0.274264 0.051383 0.082565
3 0.398551 0.211902 0.053360 0.073781
3 0.420290 0.333992 0.057312 0.093105
3 0.559124 0.256697 0.060277 0.107159
3 0.612978 0.256697 0.071146 0.107159
3 0.601120 0.209267 0.043478 0.061484
3 0.663867 0.219807 0.062253 0.082565
3 0.856555 0.231225 0.044466 0.098375
3 0.810606 0.292710 0.067194 0.129996
3 0.880764 0.458718 0.061265 0.173913
3 0.793314 0.425340 0.076087 0.142292
3 0.834816 0.648441 0.089921 0.209047
3 0.385211 0.466623 0.089921 0.140536
3 0.464756 0.504392 0.094862 0.159859
2 0.351614 0.432367 0.050395 0.166886
1 0.489460 0.257576 0.065217 0.091348
5 0.309618 0.259332 0.033597 0.098375
1 0.877800 0.311155 0.043478 0.100132
4 0.164361 0.446421 0.039526 0.114185