1 0.216392 0.587791 0.123457 0.224966
0 0.352195 0.407636 0.069959 0.219479
0 0.430898 0.451532 0.120370 0.204847
0 0.810014 0.525606 0.121399 0.232282
6 0.467936 0.299726 0.066872 0.171925
6 0.531722 0.308871 0.089506 0.157293
3 0.270405 0.232053 0.085391 0.139003
3 0.344993 0.234797 0.082305 0.122542
3 0.358882 0.160722 0.056584 0.135345
3 0.415981 0.179012 0.094650 0.106081
3 0.622771 0.165295 0.086420 0.111568
3 0.726680 0.180841 0.078189 0.139003
6 0.879973 0.281436 0.067901 0.124371
6 0.952332 0.312529 0.095336 0.146319
0 0.940501 0.589620 0.118998 0.298125
1 0.620199 0.352766 0.097737 0.182899
7 0.959705 0.203704 0.079218 0.140832