9 0.293314 0.595740 0.163043 0.307422
3 0.190547 0.420949 0.080040 0.126482
0 0.269104 0.350681 0.075099 0.119455
0 0.307642 0.287440 0.053360 0.105402
0 0.352602 0.293588 0.050395 0.114185
0 0.398057 0.291831 0.058300 0.103645
0 0.422266 0.241765 0.061265 0.091348
0 0.401021 0.410408 0.066206 0.158103
0 0.460310 0.416557 0.068182 0.170400
0 0.525527 0.427975 0.083992 0.168643
0 0.611989 0.449934 0.088933 0.198507
0 0.443511 0.334870 0.074111 0.115942
0 0.517128 0.339262 0.084980 0.156346
0 0.513669 0.277778 0.060277 0.121212
0 0.566041 0.286561 0.058300 0.117699
0 0.622365 0.291831 0.076087 0.131752
3 0.554677 0.225077 0.061265 0.100132
3 0.610507 0.227712 0.068182 0.098375
3 0.674736 0.234739 0.064229 0.126482
0 0.747859 0.206632 0.068182 0.119455
0 0.812088 0.472771 0.097826 0.212560
3 0.829381 0.318182 0.073123 0.149319
3 0.902009 0.348924 0.074111 0.137022
3 0.974967 0.382301 0.050066 0.112429
3 0.855072 0.276021 0.069170 0.131752
0 0.974473 0.318182 0.051054 0.100132
0 0.966568 0.258454 0.066864 0.110672