9 0.055242 0.817192 0.110484 0.351042
3 0.190409 0.427848 0.075500 0.119472
0 0.273791 0.351150 0.059736 0.098823
3 0.316104 0.293626 0.043143 0.089973
3 0.354683 0.292889 0.047291 0.097348
3 0.402389 0.292889 0.049780 0.097348
3 0.417323 0.227252 0.033187 0.042774
0 0.399486 0.422686 0.053928 0.156347
0 0.462955 0.417523 0.061396 0.166671
0 0.525595 0.427111 0.063885 0.153397
0 0.596532 0.436698 0.069692 0.169621
3 0.512735 0.329025 0.069692 0.104723
3 0.438065 0.340087 0.056417 0.073748
0 0.516884 0.251589 0.038165 0.056049
0 0.569983 0.285514 0.058077 0.112097
3 0.633452 0.289939 0.063885 0.100298
0 0.552145 0.211765 0.032357 0.050149
3 0.613125 0.222828 0.054758 0.087023
3 0.669543 0.233890 0.043143 0.097348
0 0.747117 0.206603 0.063885 0.107673
0 0.793578 0.465460 0.080478 0.218295
3 0.827180 0.322388 0.076330 0.144547
3 0.905169 0.351150 0.066374 0.134222
3 0.979963 0.382124 0.040073 0.101773
3 0.972496 0.249377 0.055007 0.066374
3 0.972003 0.302676 0.055994 0.060875
0 0.794302 0.461353 0.085968 0.214317
0 0.521080 0.272508 0.049407 0.103645
0 0.564065 0.283926 0.072134 0.112429
0 0.630270 0.295345 0.074111 0.121212
3 0.832839 0.321695 0.074111 0.142292
3 0.859025 0.260211 0.033597 0.075538
3 0.979084 0.248792 0.040514 0.063241
3 0.974473 0.372639 0.051054 0.061484