9 0.338274 0.579930 0.160079 0.300395
6 0.735013 0.481555 0.101779 0.216074
0 0.401515 0.422705 0.057312 0.172156
0 0.524045 0.434124 0.079051 0.177426
0 0.605567 0.449056 0.085968 0.203777
0 0.521080 0.257576 0.049407 0.073781
0 0.572464 0.270751 0.041502 0.117699
0 0.746871 0.211023 0.068182 0.114185
0 0.315547 0.293588 0.045455 0.096618
5 0.966238 0.234739 0.066206 0.063241
5 0.972003 0.300615 0.055994 0.068511
3 0.190547 0.429732 0.070158 0.144049
3 0.269104 0.359464 0.057312 0.094862
3 0.355567 0.293588 0.050395 0.103645
3 0.403491 0.287440 0.055336 0.091348
3 0.451416 0.326965 0.058300 0.075538
3 0.516140 0.313790 0.069170 0.073781
3 0.422760 0.226834 0.044466 0.064998
3 0.547266 0.216293 0.032609 0.064998
3 0.611989 0.211023 0.049407 0.047431
3 0.668314 0.235617 0.045455 0.100132
3 0.623847 0.302372 0.084980 0.114185
3 0.829875 0.326087 0.076087 0.126482
3 0.903985 0.357708 0.070158 0.133509
3 0.861001 0.255819 0.055336 0.063241
3 0.448452 0.441151 0.074111 0.177426
4 0.970026 0.385815 0.059947 0.112429