9 0.369401 0.763175 0.275692 0.473650
3 0.940547 0.202240 0.044466 0.096618
3 0.935112 0.381423 0.067194 0.131752
1 0.446393 0.100516 0.046278 0.085749
1 0.740942 0.161836 0.052372 0.096618
1 0.492424 0.247036 0.075099 0.129996
0 0.790267 0.592702 0.091403 0.280193
0 0.834733 0.426694 0.062747 0.146684
0 0.870553 0.319829 0.060277 0.199385
0 0.890810 0.208718 0.033597 0.084321
0 0.893775 0.142402 0.037549 0.074660
0 0.698781 0.117369 0.037549 0.066755
0 0.690382 0.220136 0.068182 0.152833
0 0.627882 0.184124 0.062747 0.144049
0 0.576746 0.155138 0.060277 0.105402
0 0.504117 0.117369 0.053360 0.112429
0 0.556159 0.239460 0.061924 0.089592
0 0.532609 0.380874 0.073123 0.216074
0 0.388093 0.342666 0.105237 0.178305
0 0.375247 0.154260 0.054842 0.110672