9 0.301713 0.744730 0.266798 0.510540
3 0.202899 0.449056 0.077075 0.091348
3 0.235507 0.355072 0.031621 0.086078
3 0.275527 0.352437 0.050395 0.073781
3 0.347661 0.269873 0.058300 0.070268
3 0.403985 0.210145 0.040514 0.073781
1 0.369401 0.211902 0.036561 0.080808
1 0.429677 0.158322 0.034585 0.068511
1 0.598155 0.144269 0.037549 0.057971
1 0.634223 0.146025 0.024704 0.054458
1 0.680171 0.149539 0.035573 0.068511
1 0.860507 0.160957 0.050395 0.063241
1 0.803195 0.211902 0.054348 0.059728
0 0.306159 0.257576 0.038538 0.094862
0 0.556653 0.183794 0.045455 0.087835
4 0.491930 0.346289 0.080040 0.082565
4 0.454875 0.183794 0.043478 0.038647
3 0.329875 0.436759 0.038538 0.144049
3 0.373847 0.466623 0.067194 0.144049
3 0.462286 0.502635 0.091897 0.149319
3 0.419302 0.336627 0.049407 0.112429
3 0.492918 0.255819 0.062253 0.091348
3 0.554677 0.259332 0.057312 0.077295
3 0.664361 0.194335 0.055336 0.108915
3 0.605567 0.187308 0.042490 0.059728
3 0.708333 0.593105 0.117589 0.203777
3 0.828887 0.648441 0.093874 0.209047
3 0.788867 0.442907 0.083004 0.156346
3 0.809618 0.284805 0.065217 0.089592
3 0.863472 0.236495 0.054348 0.084321
0 0.806159 0.147782 0.040514 0.068511
2 0.621871 0.258454 0.061265 0.114185
0 0.872365 0.445542 0.076087 0.175670
1 0.879282 0.321695 0.060277 0.079051
4 0.161397 0.449056 0.037549 0.084321