9 0.288386 0.577518 0.170778 0.303605
9 0.813963 0.476667 0.109108 0.208729
0 0.180859 0.409902 0.084994 0.162345
0 0.267038 0.347705 0.064437 0.106824
0 0.404609 0.278481 0.048624 0.096282
0 0.397296 0.419390 0.070367 0.153208
0 0.449281 0.306944 0.047834 0.073090
0 0.464500 0.428526 0.077483 0.136341
0 0.529728 0.425012 0.059298 0.143369
0 0.606815 0.447502 0.090923 0.195376
0 0.747549 0.198011 0.068786 0.132125
0 0.831159 0.305187 0.071553 0.131422
0 0.974976 0.378628 0.050047 0.092768
0 0.622628 0.294645 0.069576 0.121583
3 0.666113 0.229637 0.045857 0.085740
3 0.612350 0.209959 0.042694 0.059034
3 0.544750 0.202931 0.049020 0.066062
6 0.516287 0.252477 0.039532 0.049898
6 0.566690 0.262316 0.043090 0.073793
0 0.403819 0.220149 0.039137 0.037248
3 0.316256 0.279886 0.049020 0.128611
3 0.361520 0.271453 0.032812 0.118772
3 0.513915 0.311512 0.059298 0.073793
3 0.900538 0.353328 0.069576 0.146180
3 0.969719 0.236313 0.039532 0.061143
3 0.974779 0.299213 0.050442 0.061846
7 0.982764 0.257397 0.000000 0.000703
7 0.860808 0.240881 0.022533 0.060440