9 0.339262 0.587835 0.164032 0.302152
6 0.740448 0.471893 0.100791 0.207290
0 0.403985 0.420949 0.058300 0.175670
0 0.524539 0.441151 0.076087 0.177426
0 0.607049 0.443786 0.088933 0.186210
0 0.526021 0.254941 0.059289 0.068511
0 0.571476 0.273386 0.035573 0.119455
0 0.750329 0.211023 0.069170 0.110672
4 0.969532 0.386693 0.060935 0.089592
3 0.190053 0.431489 0.071146 0.137022
3 0.268116 0.366491 0.061265 0.108915
3 0.317029 0.293588 0.044466 0.100132
3 0.357049 0.293588 0.045455 0.110672
3 0.401021 0.290953 0.052372 0.101888
3 0.421772 0.232104 0.032609 0.047431
3 0.452404 0.316425 0.058300 0.072025
3 0.448452 0.439394 0.080040 0.163373
3 0.550231 0.214537 0.024704 0.057971
3 0.518610 0.319060 0.074111 0.077295
3 0.612484 0.211902 0.044466 0.059728
3 0.667819 0.235617 0.042490 0.103645
3 0.627306 0.297980 0.093874 0.119455
3 0.832345 0.321695 0.071146 0.135266
3 0.861989 0.283048 0.045455 0.114185
3 0.899045 0.358586 0.074111 0.135266
3 0.967721 0.256697 0.057312 0.107159
3 0.980402 0.296223 0.039196 0.101888