1 0.233368 0.600594 0.151235 0.184728
3 0.358882 0.408551 0.070988 0.177412
0 0.421639 0.424097 0.103909 0.208505
3 0.280178 0.255830 0.086420 0.128029
3 0.331619 0.226566 0.067901 0.142661
3 0.359396 0.153406 0.047325 0.113397
3 0.408779 0.178098 0.080247 0.100594
3 0.620713 0.168038 0.080247 0.102423
3 0.709191 0.181756 0.080247 0.093278
3 0.873800 0.280521 0.094650 0.115226
3 0.953875 0.310700 0.092250 0.117055
3 0.537380 0.301555 0.080247 0.149977
0 0.464849 0.287837 0.077160 0.155464
1 0.622256 0.328075 0.112140 0.133516
0 0.808985 0.537494 0.152263 0.237769
3 0.937929 0.601509 0.124142 0.285322
7 0.957647 0.238455 0.066872 0.126200