0 0.228590 0.569390 0.088933 0.216074
0 0.364954 0.397233 0.073123 0.170400
0 0.445982 0.425340 0.088933 0.166886
0 0.341733 0.223320 0.054348 0.110672
0 0.466733 0.269873 0.063241 0.144049
0 0.528491 0.299736 0.070158 0.165130
0 0.608037 0.312033 0.069170 0.154589
0 0.815547 0.486825 0.124506 0.194993
1 0.359025 0.158322 0.041502 0.072025
9 0.540843 0.903162 0.136364 0.173913
3 0.285902 0.242644 0.057312 0.086078
3 0.403491 0.177646 0.043478 0.072025
3 0.613966 0.159201 0.065217 0.087835
3 0.720685 0.177646 0.065217 0.103645
3 0.886199 0.283926 0.068182 0.105402
3 0.954381 0.296223 0.076087 0.115942
3 0.963768 0.226834 0.043478 0.075538
3 0.939065 0.599253 0.106719 0.300395