9 0.337286 0.590470 0.162055 0.307422
3 0.186100 0.432367 0.063241 0.142292
3 0.269598 0.361221 0.058300 0.112429
3 0.312582 0.297980 0.043478 0.091348
3 0.357049 0.294466 0.049407 0.105402
3 0.402997 0.293588 0.058300 0.096618
3 0.612978 0.218050 0.051383 0.061484
3 0.665843 0.235617 0.038538 0.093105
3 0.449934 0.328722 0.053360 0.072025
3 0.519104 0.324330 0.069170 0.084321
3 0.830369 0.323452 0.075099 0.131752
3 0.903491 0.356829 0.063241 0.128239
3 0.863472 0.282170 0.038538 0.101888
3 0.968215 0.240009 0.058300 0.073781
3 0.970685 0.300615 0.055336 0.043917
3 0.446476 0.436759 0.066206 0.172156
3 0.507246 0.433245 0.073123 0.165130
5 0.971014 0.381423 0.057971 0.135266
5 0.412879 0.226834 0.044466 0.047431
6 0.625823 0.308520 0.081028 0.112429
6 0.571970 0.278656 0.046443 0.129996
6 0.722167 0.491217 0.115613 0.252964
0 0.747365 0.208388 0.063241 0.115942
3 0.552207 0.219807 0.030632 0.068511
0 0.522068 0.254941 0.043478 0.075538
0 0.400527 0.424462 0.055336 0.168643
0 0.606061 0.445542 0.092885 0.196750