9 0.339756 0.580808 0.163043 0.298639
6 0.737484 0.477163 0.102767 0.210804
0 0.402009 0.416557 0.056324 0.149319
0 0.311100 0.296223 0.050395 0.084321
0 0.519598 0.436759 0.066206 0.165130
0 0.607049 0.444664 0.090909 0.187967
0 0.523551 0.261968 0.044466 0.075538
0 0.568017 0.282170 0.040514 0.137022
0 0.745389 0.211902 0.063241 0.112429
0 0.421772 0.228590 0.038538 0.047431
3 0.186594 0.425340 0.068182 0.145806
3 0.269598 0.356829 0.058300 0.124726
3 0.356061 0.289196 0.043478 0.094862
3 0.401515 0.291831 0.055336 0.093105
3 0.451910 0.325209 0.053360 0.068511
3 0.515151 0.326087 0.065217 0.084321
3 0.456357 0.434124 0.076087 0.170400
3 0.622365 0.296223 0.080040 0.115942
3 0.551713 0.209267 0.027668 0.061484
3 0.613966 0.220685 0.053360 0.077295
3 0.666337 0.241765 0.047431 0.112429
3 0.830369 0.319939 0.075099 0.138779
3 0.904974 0.354194 0.070158 0.144049
3 0.862978 0.279534 0.045455 0.114185
3 0.970685 0.300615 0.053360 0.057971
3 0.967721 0.387571 0.057312 0.105402
5 0.967721 0.241765 0.061265 0.070268