3 0.189026 0.430798 0.077159 0.128322
3 0.273238 0.359262 0.068033 0.109148
3 0.313062 0.298788 0.044802 0.091448
3 0.355790 0.294363 0.045632 0.094398
3 0.401007 0.293626 0.054758 0.089973
7 0.423408 0.237577 0.048121 0.069323
0 0.400454 0.426373 0.056417 0.163721
0 0.464753 0.421211 0.060566 0.165196
0 0.523659 0.431535 0.063885 0.156347
0 0.604967 0.433010 0.092093 0.171096
1 0.443182 0.339350 0.067203 0.087023
3 0.522830 0.339350 0.083797 0.122422
0 0.522415 0.268552 0.046461 0.092923
0 0.570121 0.282564 0.053928 0.100298
3 0.634420 0.301001 0.068033 0.116522
7 0.553113 0.221353 0.049780 0.069323
3 0.614508 0.225778 0.054758 0.078173
7 0.670096 0.244215 0.049780 0.097348
0 0.745596 0.205865 0.059736 0.100298
0 0.798833 0.477014 0.092093 0.219770
3 0.829807 0.325532 0.072402 0.148775
3 0.908792 0.354786 0.070522 0.133730
3 0.975787 0.374010 0.048425 0.111999
3 0.968500 0.262010 0.062059 0.088596
7 0.972496 0.315503 0.055007 0.078567
9 0.032205 0.917372 0.063470 0.165256