3 0.186100 0.430610 0.063241 0.138779
3 0.447958 0.436759 0.077075 0.172156
3 0.513175 0.433245 0.061265 0.140536
3 0.900033 0.357708 0.070158 0.133509
3 0.851120 0.279534 0.081028 0.117699
3 0.347661 0.293588 0.036561 0.103645
3 0.396574 0.301493 0.057312 0.084321
3 0.311594 0.294466 0.037549 0.091348
3 0.664855 0.241765 0.050395 0.105402
4 0.824440 0.343654 0.079051 0.098375
0 0.415349 0.240887 0.047431 0.072025
5 0.971673 0.377031 0.055336 0.112429
5 0.974473 0.287440 0.051054 0.063241
5 0.971509 0.224199 0.056982 0.070268
0 0.265151 0.355072 0.051383 0.110672
0 0.400527 0.427097 0.057312 0.159859
0 0.605072 0.446421 0.094862 0.187967
0 0.519104 0.253184 0.053360 0.061484
6 0.569005 0.275143 0.044466 0.126482
6 0.620883 0.302372 0.075099 0.107159
0 0.741436 0.208388 0.075099 0.115942
3 0.520586 0.333992 0.076087 0.093105
3 0.444993 0.329600 0.055336 0.077295
6 0.723650 0.472771 0.114625 0.209047
9 0.338274 0.594862 0.166008 0.316206
0 0.549736 0.225077 0.035573 0.075538
3 0.612978 0.221563 0.057312 0.075538