1 0.240569 0.584134 0.145062 0.162780
0 0.333162 0.414037 0.097737 0.148148
0 0.426783 0.412209 0.126543 0.213992
0 0.452503 0.284179 0.083333 0.133516
3 0.530178 0.312529 0.100823 0.117055
1 0.622771 0.339049 0.113169 0.122542
3 0.274005 0.244856 0.061728 0.109739
3 0.333676 0.229310 0.078189 0.162780
3 0.352195 0.162551 0.049383 0.131687
3 0.399005 0.168953 0.091564 0.104252
3 0.627915 0.151578 0.065844 0.117055
3 0.723594 0.181756 0.092593 0.137174
7 0.962620 0.221079 0.074760 0.124371
3 0.877401 0.290581 0.079218 0.131687
6 0.948217 0.319845 0.103566 0.117055
0 0.798697 0.520119 0.129630 0.235940
3 0.941529 0.570416 0.116941 0.223137