9 0.289875 0.589606 0.170699 0.289128
9 0.823029 0.465751 0.122760 0.211868
0 0.185708 0.417563 0.079301 0.137794
0 0.263889 0.337913 0.086022 0.118678
0 0.401658 0.406412 0.054211 0.145759
0 0.455869 0.435882 0.066756 0.172840
0 0.446461 0.319594 0.055108 0.078853
0 0.532034 0.434687 0.064068 0.149741
0 0.609991 0.441059 0.079301 0.205496
0 0.622984 0.293708 0.071237 0.106730
0 0.758961 0.204102 0.075269 0.112306
0 0.847446 0.229590 0.040771 0.046993
0 0.831317 0.310434 0.084677 0.117881
0 0.977375 0.380526 0.045250 0.101951
3 0.910618 0.351852 0.078405 0.152927
3 0.973342 0.246714 0.053315 0.082836
7 0.976703 0.298885 0.045699 0.061330
3 0.669131 0.241139 0.054211 0.111509
3 0.611783 0.202509 0.054211 0.067702
3 0.545475 0.213660 0.047939 0.051772
7 0.524194 0.255078 0.032258 0.046993
6 0.568100 0.267822 0.044803 0.091597
3 0.516353 0.319992 0.062276 0.105137
0 0.411290 0.221625 0.035842 0.032656
6 0.363575 0.274194 0.036290 0.070888
6 0.401882 0.268220 0.047491 0.095579
3 0.317652 0.282955 0.051075 0.096376