9 0.041138 0.894922 0.082275 0.180536
0 0.779974 0.471893 0.084980 0.179183
3 0.190053 0.427097 0.071146 0.117699
3 0.314559 0.283926 0.045455 0.091348
3 0.354578 0.284805 0.046443 0.082565
3 0.395586 0.291831 0.047431 0.075538
3 0.415349 0.230347 0.039526 0.040404
3 0.443017 0.332235 0.049407 0.068511
3 0.516140 0.321695 0.063241 0.093105
3 0.612484 0.219807 0.048419 0.075538
3 0.670784 0.243522 0.048419 0.108915
3 0.832839 0.316425 0.070158 0.135266
3 0.901515 0.348924 0.075099 0.105402
3 0.978426 0.385815 0.043148 0.077295
3 0.976449 0.322574 0.047101 0.084321
3 0.978590 0.244401 0.039526 0.061484
3 0.859025 0.266359 0.037549 0.077295
0 0.271080 0.347167 0.061265 0.105402
0 0.401021 0.419192 0.058300 0.140536
0 0.460310 0.422705 0.066206 0.165130
0 0.519104 0.433245 0.073123 0.158103
0 0.607049 0.443786 0.083004 0.196750
0 0.524045 0.247036 0.031621 0.052701
0 0.549736 0.206632 0.031621 0.049188
0 0.565053 0.285683 0.052372 0.101888
0 0.630270 0.288318 0.074111 0.121212
0 0.746377 0.203996 0.065217 0.114185