9 0.340744 0.581686 0.163043 0.296882
6 0.727108 0.475406 0.119565 0.228371
0 0.604578 0.452569 0.082016 0.189723
0 0.263669 0.347167 0.060277 0.105402
0 0.309618 0.295345 0.045455 0.086078
0 0.521080 0.259332 0.043478 0.077295
0 0.569993 0.275143 0.036561 0.108915
0 0.746871 0.208388 0.060277 0.108915
0 0.418314 0.228590 0.033597 0.054458
5 0.396080 0.419192 0.058300 0.144049
5 0.514163 0.460474 0.071146 0.163373
3 0.188570 0.429732 0.070158 0.140536
3 0.355072 0.294466 0.045455 0.112429
3 0.402503 0.292710 0.063241 0.091348
3 0.448946 0.322574 0.063241 0.070268
3 0.450428 0.435002 0.080040 0.154589
3 0.515646 0.338384 0.080040 0.108915
3 0.552207 0.216293 0.034585 0.064998
3 0.611495 0.216293 0.058300 0.068511
3 0.666831 0.233860 0.044466 0.096618
3 0.622859 0.304128 0.079051 0.110672
3 0.827899 0.319939 0.072134 0.128239
3 0.902009 0.356829 0.078063 0.138779
3 0.860013 0.282170 0.051383 0.101888
3 0.967227 0.248792 0.058300 0.063241
3 0.968215 0.305885 0.060277 0.040404
3 0.964262 0.383180 0.066206 0.114185