9 0.278573 0.588700 0.170395 0.287509
0 0.179284 0.402166 0.080212 0.142598
0 0.270985 0.342043 0.071106 0.124099
0 0.412331 0.405635 0.051162 0.157244
0 0.454821 0.413728 0.050295 0.150306
0 0.447667 0.302347 0.041190 0.069372
0 0.400408 0.269973 0.042924 0.094038
0 0.523326 0.429144 0.065904 0.173430
0 0.608091 0.446487 0.067204 0.203492
0 0.749220 0.190195 0.076309 0.131807
0 0.853278 0.228735 0.050295 0.056269
0 0.838536 0.305816 0.078911 0.125641
3 0.970777 0.247620 0.052029 0.095579
3 0.906391 0.353605 0.068071 0.127182
7 0.975633 0.377115 0.048734 0.080163
0 0.977151 0.306972 0.045698 0.044707
9 0.815773 0.478475 0.107093 0.204263
3 0.672693 0.229506 0.050728 0.088642
3 0.616979 0.219871 0.049428 0.066289
3 0.548691 0.203299 0.038588 0.062435
3 0.631287 0.296951 0.069372 0.118704
3 0.521809 0.310441 0.063736 0.077851
7 0.518774 0.248391 0.038588 0.066289
6 0.572971 0.262265 0.046393 0.098663
3 0.318678 0.285389 0.048561 0.100204
3 0.363337 0.277681 0.038155 0.103287