0 0.226120 0.566755 0.091897 0.196750
0 0.363966 0.398112 0.071146 0.165130
0 0.447958 0.414800 0.092885 0.173913
0 0.339756 0.225955 0.064229 0.122969
0 0.470685 0.269873 0.063241 0.151076
0 0.608037 0.321695 0.081028 0.166886
0 0.807642 0.500000 0.116601 0.207290
1 0.356061 0.164471 0.039526 0.087835
9 0.496377 0.930940 0.138340 0.138120
3 0.280468 0.241765 0.064229 0.084321
3 0.406950 0.177646 0.052372 0.072025
3 0.606061 0.160957 0.061265 0.077295
3 0.724144 0.178524 0.058300 0.112429
3 0.937418 0.573781 0.125164 0.221344
6 0.881752 0.263724 0.090909 0.093105
6 0.953393 0.310277 0.076087 0.122969
3 0.963768 0.217172 0.057312 0.091348
3 0.528985 0.308520 0.069170 0.161616