9 0.340744 0.583443 0.165020 0.307422
6 0.739460 0.468379 0.102767 0.217830
0 0.745883 0.211023 0.062253 0.117699
0 0.621871 0.297101 0.077075 0.117699
0 0.571476 0.276899 0.035573 0.133509
0 0.519598 0.254062 0.030632 0.066755
0 0.401515 0.421827 0.051383 0.173913
0 0.518116 0.435002 0.067194 0.182697
0 0.602108 0.452569 0.088933 0.189723
4 0.969203 0.398990 0.056324 0.089592
3 0.189559 0.436759 0.070158 0.151076
3 0.268116 0.368248 0.061265 0.112429
3 0.312088 0.297101 0.044466 0.096618
3 0.355072 0.297101 0.051383 0.100132
3 0.401021 0.293588 0.058300 0.093105
3 0.425725 0.240887 0.040514 0.064998
3 0.448946 0.330479 0.059289 0.064998
3 0.521080 0.315547 0.073123 0.077295
3 0.444993 0.442907 0.073123 0.156346
3 0.548748 0.220685 0.037549 0.070268
3 0.613966 0.218928 0.057312 0.059728
3 0.666831 0.236495 0.046443 0.108915
3 0.831357 0.326087 0.077075 0.126482
3 0.861495 0.283926 0.054348 0.101888
3 0.904974 0.355072 0.066206 0.135266
3 0.968215 0.252306 0.062253 0.063241
3 0.979908 0.300615 0.040184 0.100132