9 0.277676 0.601988 0.168011 0.311719
9 0.820198 0.484143 0.121579 0.223743
0 0.184506 0.414630 0.091642 0.147714
0 0.264541 0.357608 0.073314 0.111871
0 0.404448 0.403226 0.054985 0.144455
0 0.451796 0.317965 0.054374 0.073857
0 0.565127 0.260400 0.041544 0.084718
0 0.621029 0.295699 0.078812 0.114044
0 0.525721 0.439611 0.061706 0.156403
0 0.606061 0.449386 0.084311 0.212882
0 0.462488 0.418975 0.079423 0.152058
0 0.519306 0.254426 0.037879 0.042359
0 0.747495 0.207722 0.073925 0.131422
0 0.855938 0.227816 0.042766 0.062996
0 0.828751 0.310362 0.067815 0.132508
3 0.969575 0.247909 0.052542 0.074943
3 0.902676 0.353264 0.073925 0.159661
3 0.973485 0.374986 0.053030 0.122733
7 0.975929 0.300043 0.048142 0.055393
3 0.666850 0.233246 0.044599 0.112958
3 0.618280 0.212067 0.048876 0.074943
3 0.544660 0.207179 0.048265 0.056479
3 0.314638 0.268003 0.043988 0.091235
7 0.402309 0.212610 0.034824 0.034756
6 0.353434 0.277235 0.048265 0.090149
6 0.404142 0.271261 0.042155 0.093407