9 0.338274 0.586957 0.162055 0.307422
6 0.732049 0.472771 0.109684 0.209047
0 0.425231 0.230347 0.043478 0.047431
0 0.748847 0.210145 0.068182 0.112429
0 0.401515 0.420949 0.051383 0.168643
0 0.609025 0.469258 0.092885 0.219587
0 0.312088 0.298858 0.040514 0.100132
5 0.972497 0.297101 0.055006 0.054458
5 0.970520 0.240887 0.058959 0.064998
5 0.899539 0.366491 0.075099 0.122969
3 0.186594 0.429732 0.068182 0.140536
3 0.267128 0.362978 0.059289 0.101888
3 0.450428 0.436759 0.080040 0.165130
3 0.356061 0.291831 0.051383 0.096618
3 0.402503 0.290953 0.053360 0.091348
0 0.516140 0.251427 0.045455 0.057971
5 0.526515 0.446421 0.072134 0.159859
3 0.446970 0.326087 0.067194 0.077295
3 0.518116 0.327844 0.071146 0.094862
3 0.544302 0.219807 0.024704 0.079051
0 0.567523 0.275143 0.039526 0.115942
3 0.624835 0.299736 0.069170 0.108915
3 0.612978 0.218050 0.051383 0.057971
3 0.666831 0.238252 0.048419 0.112429
3 0.829381 0.319060 0.077075 0.129996
3 0.862484 0.266359 0.046443 0.077295
4 0.972497 0.381423 0.055006 0.128239