9 0.285313 0.623982 0.179619 0.388835
9 0.807063 0.489302 0.118524 0.228087
0 0.749888 0.205595 0.067578 0.122129
0 0.622200 0.295201 0.073551 0.112837
0 0.567503 0.276616 0.046296 0.112837
0 0.448775 0.315777 0.058990 0.086287
0 0.521953 0.309140 0.061977 0.090269
0 0.603719 0.445871 0.090352 0.191159
0 0.525500 0.434588 0.071311 0.169919
0 0.397252 0.410361 0.059737 0.151998
0 0.270124 0.344318 0.066084 0.119474
0 0.177905 0.412352 0.076538 0.146688
0 0.424694 0.226503 0.050403 0.052436
0 0.399119 0.283254 0.053017 0.099562
0 0.860588 0.228163 0.057497 0.074340
0 0.826986 0.307149 0.076912 0.138059
3 0.905018 0.350956 0.069444 0.143369
3 0.975097 0.387462 0.049806 0.108854
3 0.966995 0.249735 0.061231 0.067038
7 0.977151 0.304162 0.045698 0.056418
3 0.670176 0.236460 0.055257 0.118811
3 0.611372 0.209246 0.051150 0.073676
7 0.517100 0.242101 0.038082 0.047790
7 0.543421 0.209246 0.041443 0.032524
3 0.320714 0.289891 0.050777 0.100889
3 0.364210 0.270311 0.033976 0.088278
3 0.455611 0.427504 0.065826 0.171553