9 0.364460 0.767567 0.242095 0.464866
3 0.939559 0.211902 0.046443 0.098375
3 0.935112 0.383180 0.067194 0.135266
1 0.446970 0.110013 0.047431 0.073781
1 0.733037 0.160079 0.048419 0.103645
0 0.383180 0.163806 0.071640 0.113453
0 0.392649 0.342404 0.108696 0.169082
0 0.533048 0.379367 0.087286 0.237154
0 0.494552 0.241027 0.072052 0.115649
0 0.553222 0.244687 0.059289 0.093691
0 0.498875 0.125256 0.042819 0.106134
0 0.576279 0.166612 0.040349 0.111258
0 0.628568 0.185643 0.076581 0.144928
0 0.693484 0.113911 0.055171 0.068804
0 0.689778 0.219679 0.061759 0.155907
0 0.895435 0.140627 0.050642 0.065144
0 0.882878 0.199550 0.058465 0.068804
0 0.873614 0.296900 0.069582 0.162495
0 0.836764 0.405962 0.080698 0.130288
0 0.795935 0.595295 0.132164 0.285463