9 0.073108 0.901073 0.136812 0.197853
0 0.776021 0.482433 0.083004 0.214317
0 0.275033 0.356829 0.067194 0.110672
0 0.520092 0.320817 0.067194 0.101888
0 0.638175 0.298858 0.068182 0.124726
0 0.578887 0.295345 0.060277 0.121212
0 0.524045 0.254941 0.039526 0.057971
0 0.552207 0.213658 0.028656 0.056214
0 0.754282 0.204875 0.075099 0.115942
0 0.404480 0.432367 0.069170 0.166886
0 0.601614 0.435002 0.078063 0.168643
0 0.527503 0.434124 0.080040 0.163373
0 0.470191 0.429732 0.040514 0.158103
3 0.196476 0.423584 0.078063 0.124726
3 0.319005 0.287440 0.046443 0.091348
3 0.358037 0.286561 0.039526 0.103645
3 0.400033 0.287440 0.054348 0.084321
3 0.412879 0.231225 0.028656 0.042161
3 0.610507 0.221563 0.046443 0.082565
3 0.669302 0.238252 0.041502 0.098375
3 0.445982 0.327844 0.057312 0.073781
3 0.834321 0.318182 0.067194 0.145806
3 0.909914 0.346289 0.068182 0.114185
3 0.979908 0.391963 0.040184 0.103645
3 0.977437 0.319060 0.045125 0.080808
3 0.968215 0.252306 0.040514 0.077295
3 0.857543 0.253184 0.036561 0.079051