3 0.187088 0.424462 0.075099 0.129996
0 0.273551 0.355072 0.064229 0.117699
0 0.309618 0.289196 0.049407 0.101888
1 0.351614 0.286561 0.054348 0.103645
0 0.399045 0.292710 0.060277 0.101888
0 0.422266 0.244401 0.065217 0.086078
0 0.401021 0.412165 0.064229 0.158103
0 0.459321 0.413922 0.070158 0.165130
0 0.524045 0.439394 0.075099 0.177426
0 0.608531 0.445542 0.089921 0.203777
0 0.443511 0.340141 0.080040 0.133509
0 0.514657 0.335749 0.083992 0.149319
0 0.517128 0.273386 0.061265 0.122969
0 0.565053 0.283926 0.062253 0.115942
0 0.622365 0.296223 0.076087 0.129996
3 0.551219 0.226834 0.066206 0.103645
3 0.609025 0.225955 0.067194 0.101888
0 0.668808 0.236495 0.054348 0.122969
3 0.746377 0.204875 0.065217 0.108915
3 0.813076 0.476285 0.099802 0.212560
3 0.826416 0.319060 0.083004 0.147563
3 0.902997 0.351559 0.068182 0.131752
3 0.972991 0.385815 0.054018 0.115942
3 0.851614 0.274264 0.074111 0.121212
0 0.971673 0.318182 0.053360 0.100132
0 0.965086 0.259332 0.069828 0.108915
9 0.296772 0.577295 0.162055 0.312692