1 0.222565 0.585963 0.131687 0.199360
1 0.621228 0.348194 0.081276 0.148148
0 0.360940 0.418610 0.089506 0.197531
0 0.431413 0.427755 0.092593 0.186557
3 0.269890 0.238455 0.078189 0.118884
3 0.322874 0.233882 0.077160 0.113397
3 0.362483 0.159808 0.045267 0.140832
3 0.406722 0.183585 0.072016 0.089620
3 0.614540 0.157064 0.092593 0.098765
3 0.725137 0.195473 0.077160 0.139003
3 0.876886 0.287837 0.069959 0.129858
3 0.956619 0.307042 0.083333 0.146319
3 0.938443 0.606996 0.123114 0.303612
0 0.807442 0.523777 0.134774 0.276177
6 0.458676 0.286923 0.060700 0.160951
6 0.524520 0.303384 0.097737 0.164609
7 0.964163 0.235711 0.071674 0.160951