9 0.352108 0.768445 0.252964 0.463109
3 0.944005 0.210145 0.049407 0.105402
3 0.940547 0.392841 0.054348 0.126482
1 0.738472 0.160957 0.045455 0.112429
1 0.692523 0.117040 0.054348 0.070268
1 0.444005 0.108256 0.051383 0.084321
1 0.486495 0.243522 0.083004 0.137022
0 0.374021 0.151900 0.072290 0.094307
0 0.393003 0.347449 0.107135 0.189538
0 0.533163 0.388592 0.080612 0.236692
0 0.552146 0.236962 0.062409 0.090609
0 0.501959 0.114917 0.041086 0.103553
0 0.578670 0.155599 0.050967 0.110949
0 0.628597 0.195356 0.062409 0.157178
0 0.693347 0.209686 0.046287 0.147008
0 0.896262 0.143579 0.041606 0.061022
0 0.884301 0.206450 0.054088 0.083212
0 0.875719 0.305843 0.061889 0.147008
0 0.837234 0.415405 0.081652 0.122044
0 0.805856 0.590150 0.126725 0.258882