9 0.288867 0.594862 0.173913 0.305665
3 0.190053 0.425340 0.079051 0.142292
0 0.273057 0.355951 0.071146 0.119455
3 0.312088 0.285683 0.046443 0.108915
5 0.354578 0.290953 0.054348 0.098375
5 0.404480 0.276899 0.061265 0.105402
0 0.416831 0.219807 0.028656 0.047431
0 0.402009 0.417435 0.066206 0.165130
0 0.460804 0.416557 0.067194 0.177426
0 0.524539 0.429732 0.078063 0.172156
0 0.606555 0.446421 0.093874 0.191480
3 0.435112 0.313790 0.039526 0.066755
0 0.517128 0.340141 0.084980 0.137022
3 0.518116 0.249671 0.037549 0.057971
0 0.566041 0.279534 0.054348 0.117699
0 0.622859 0.297980 0.075099 0.119455
0 0.544796 0.204875 0.025692 0.049188
3 0.610507 0.221563 0.062253 0.093105
3 0.666337 0.240009 0.061265 0.108915
3 0.743412 0.213658 0.079051 0.119455
0 0.816535 0.478920 0.098814 0.214317
0 0.827899 0.317303 0.074111 0.144049
3 0.899045 0.350681 0.066206 0.137022
3 0.974967 0.382301 0.050066 0.112429
3 0.856061 0.253184 0.031621 0.075538
0 0.975461 0.312033 0.049078 0.098375
3 0.966568 0.257576 0.066864 0.108915