1 0.224623 0.605167 0.135802 0.175583
0 0.343450 0.422268 0.077160 0.153635
0 0.422154 0.428669 0.098765 0.206676
0 0.463820 0.288752 0.068930 0.164609
3 0.533779 0.307042 0.101852 0.142661
1 0.629973 0.347279 0.119342 0.146319
3 0.278121 0.242112 0.065844 0.096936
3 0.337277 0.235711 0.077160 0.124371
3 0.352195 0.153406 0.065844 0.117055
3 0.407750 0.177183 0.061728 0.087791
3 0.622771 0.161637 0.063786 0.122542
3 0.721536 0.188157 0.100823 0.139003
7 0.958162 0.220165 0.059671 0.129858
3 0.883059 0.282350 0.065844 0.115226
6 0.946845 0.305213 0.086420 0.139003
0 0.812586 0.524691 0.105967 0.234111
3 0.946674 0.574989 0.106652 0.217650