1 0.226680 0.596022 0.119342 0.175583
0 0.346536 0.409465 0.091564 0.179241
0 0.427298 0.431413 0.125514 0.168267
0 0.807442 0.548468 0.114198 0.193873
0 0.459191 0.298811 0.086420 0.129858
3 0.272462 0.245770 0.079218 0.107910
3 0.336248 0.230224 0.075103 0.120713
3 0.348080 0.151578 0.074074 0.139003
3 0.407236 0.186328 0.073045 0.128029
3 0.623800 0.158893 0.111111 0.109739
3 0.711248 0.193644 0.104938 0.128029
3 0.534294 0.307956 0.096708 0.122542
3 0.869170 0.296982 0.062757 0.126200
6 0.959191 0.320759 0.063786 0.118884
1 0.622256 0.368313 0.122428 0.166438
3 0.945302 0.588706 0.099794 0.259717
7 0.954561 0.235711 0.064815 0.149977