9 0.098496 0.878624 0.091678 0.228177
5 0.774539 0.482433 0.083992 0.193237
0 0.275033 0.351559 0.065217 0.100132
0 0.404974 0.421827 0.064229 0.159859
0 0.461792 0.416557 0.069170 0.159859
0 0.525033 0.427975 0.069170 0.147563
0 0.601614 0.440272 0.091897 0.179183
0 0.754776 0.199605 0.056324 0.105402
0 0.522068 0.253184 0.039526 0.061484
0 0.566535 0.285683 0.057312 0.087835
3 0.195487 0.430610 0.078063 0.135266
3 0.318511 0.285683 0.047431 0.084321
3 0.355072 0.278656 0.045455 0.080808
3 0.397563 0.283048 0.055336 0.068511
3 0.412879 0.223320 0.032609 0.033377
3 0.445487 0.330479 0.062253 0.054458
3 0.521574 0.321695 0.070158 0.082565
3 0.548254 0.209267 0.040514 0.054458
3 0.613966 0.218050 0.049407 0.068511
3 0.632246 0.302372 0.076087 0.114185
3 0.672760 0.241765 0.056324 0.101888
3 0.830369 0.325209 0.063241 0.142292
3 0.859025 0.240887 0.037549 0.072025
3 0.908432 0.347167 0.067194 0.112429
3 0.973979 0.240887 0.052042 0.054458
3 0.975955 0.302372 0.048090 0.068511
3 0.977437 0.380545 0.045125 0.080808