1 0.224108 0.586877 0.105967 0.226795
3 0.273491 0.240283 0.070988 0.115226
3 0.331104 0.232053 0.056584 0.124371
3 0.365055 0.164380 0.046296 0.106081
3 0.409808 0.185414 0.063786 0.100594
3 0.616084 0.166209 0.077160 0.106081
3 0.720508 0.192730 0.080247 0.129858
6 0.878944 0.278692 0.074074 0.148148
6 0.949760 0.314358 0.100480 0.149977
0 0.805384 0.530178 0.136831 0.310928
0 0.941529 0.603338 0.116941 0.303612
0 0.352709 0.403978 0.085391 0.190215
0 0.419067 0.421353 0.076132 0.170096
6 0.465363 0.281436 0.078189 0.157293
6 0.536351 0.308871 0.092593 0.157293
1 0.634088 0.349108 0.127572 0.153635
7 0.956104 0.228395 0.084362 0.124371