9 0.365942 0.774045 0.233202 0.439174
3 0.944005 0.211902 0.049407 0.101888
3 0.937088 0.380545 0.075099 0.151076
1 0.441535 0.106500 0.044466 0.077295
1 0.673055 0.123298 0.041103 0.065217
1 0.735507 0.159201 0.043478 0.094862
0 0.380175 0.162379 0.083212 0.118346
0 0.501872 0.113376 0.054088 0.107251
0 0.389276 0.338049 0.108696 0.177519
0 0.532037 0.383353 0.078011 0.238541
0 0.494331 0.230798 0.068130 0.129441
0 0.548159 0.237732 0.069690 0.084137
0 0.573903 0.155445 0.046287 0.115572
0 0.620709 0.190579 0.072290 0.147008
0 0.700368 0.226175 0.044726 0.160876
0 0.892275 0.149897 0.039526 0.074891
0 0.884734 0.195664 0.052528 0.072117
0 0.869652 0.290433 0.070210 0.122969
0 0.832987 0.406930 0.082172 0.130365
0 0.788260 0.586144 0.088413 0.297714