9 0.219203 0.771959 0.206522 0.456082
1 0.363966 0.215415 0.033597 0.080808
1 0.430171 0.162714 0.033597 0.070268
1 0.596179 0.138999 0.041502 0.054458
1 0.639163 0.134607 0.032609 0.045674
1 0.679183 0.147782 0.025692 0.057971
1 0.808630 0.154809 0.031621 0.072025
1 0.858037 0.167984 0.031621 0.070268
1 0.803689 0.213658 0.065217 0.070268
4 0.457839 0.185551 0.043478 0.035134
4 0.488966 0.350681 0.083992 0.091348
0 0.709816 0.579930 0.106719 0.223101
0 0.557148 0.173254 0.038538 0.073781
3 0.200428 0.461353 0.066206 0.115942
3 0.237978 0.356829 0.044466 0.082565
3 0.281456 0.352437 0.048419 0.087835
3 0.351614 0.277778 0.062253 0.089592
3 0.402503 0.216293 0.045455 0.075538
3 0.607049 0.197848 0.047431 0.077295
3 0.662879 0.193456 0.050395 0.100132
3 0.862484 0.238252 0.048419 0.091348
1 0.490942 0.250549 0.062253 0.080808
3 0.557148 0.251427 0.054348 0.096618
3 0.616436 0.258454 0.064229 0.103645
3 0.808136 0.276899 0.072134 0.133509
3 0.417819 0.329600 0.048419 0.098375
3 0.463768 0.499122 0.088933 0.149319
3 0.387187 0.456083 0.070158 0.140536
3 0.784914 0.431489 0.084980 0.154589
3 0.877306 0.456083 0.078063 0.182697
3 0.829381 0.652833 0.120553 0.203777
2 0.313570 0.268994 0.029644 0.103645
2 0.336792 0.425340 0.038538 0.149319
4 0.163373 0.447299 0.035573 0.087835
1 0.870883 0.321695 0.065217 0.110672