9 0.284946 0.593309 0.159140 0.306810
0 0.188978 0.422700 0.074731 0.129988
0 0.279839 0.352927 0.054301 0.129988
0 0.404301 0.286022 0.039785 0.110872
0 0.364785 0.269773 0.031720 0.105137
0 0.417473 0.222939 0.027419 0.049701
0 0.526882 0.258303 0.033333 0.049701
0 0.620968 0.297969 0.052688 0.127121
0 0.447849 0.313262 0.055914 0.075508
0 0.405108 0.418877 0.051075 0.133811
0 0.463172 0.419355 0.062903 0.163441
0 0.530645 0.441338 0.076344 0.171087
0 0.612366 0.462366 0.100000 0.220789
0 0.761559 0.200000 0.087634 0.128076
0 0.825538 0.302270 0.063978 0.128076
0 0.975000 0.371565 0.050000 0.100358
3 0.971237 0.242055 0.054301 0.066906
3 0.902688 0.348626 0.063441 0.146237
3 0.856989 0.246356 0.037634 0.050657
3 0.616129 0.214337 0.044086 0.055436
3 0.671505 0.232975 0.040860 0.108005
3 0.567473 0.259259 0.040323 0.095579
3 0.546237 0.216249 0.026882 0.061171
3 0.515054 0.314217 0.062366 0.106093
3 0.315054 0.281720 0.051613 0.083154
9 0.814247 0.476703 0.114516 0.220789
7 0.975806 0.296535 0.048387 0.070729