3 0.200922 0.460474 0.069170 0.110672
3 0.237978 0.356829 0.034585 0.089592
3 0.274045 0.355951 0.049407 0.073781
3 0.349144 0.275143 0.063241 0.073781
3 0.400033 0.213658 0.044466 0.077295
3 0.465744 0.492095 0.081028 0.121212
3 0.372859 0.462231 0.061265 0.114185
3 0.324934 0.442029 0.042490 0.133509
3 0.421772 0.339262 0.058300 0.100132
3 0.661891 0.191700 0.052372 0.110672
3 0.600132 0.189065 0.047431 0.073781
3 0.708333 0.588713 0.105731 0.194993
3 0.831851 0.651954 0.091897 0.226614
3 0.786397 0.420949 0.074111 0.175670
3 0.812088 0.286561 0.066206 0.110672
3 0.863966 0.233860 0.051383 0.079051
1 0.614954 0.250549 0.063241 0.115942
1 0.368412 0.217172 0.034585 0.070268
1 0.310606 0.259332 0.039526 0.105402
1 0.429677 0.159201 0.026680 0.073781
1 0.599638 0.145147 0.042490 0.066755
1 0.631258 0.146025 0.026680 0.054458
1 0.680665 0.139877 0.028656 0.063241
1 0.804677 0.155687 0.043478 0.066755
1 0.862484 0.159201 0.036561 0.066755
1 0.801219 0.213658 0.066206 0.063241
4 0.454875 0.180281 0.043478 0.038647
4 0.489460 0.350681 0.077075 0.098375
0 0.556653 0.175011 0.033597 0.070268
0 0.870883 0.439394 0.081028 0.180940
9 0.256752 0.805336 0.198617 0.389328
0 0.489954 0.232104 0.058300 0.100132
3 0.556159 0.256697 0.040514 0.093105
4 0.159420 0.436759 0.037549 0.101888
1 0.884717 0.312912 0.075099 0.086078