3 0.189065 0.423584 0.077075 0.145806
9 0.294796 0.597497 0.169960 0.342556
0 0.271080 0.353316 0.071146 0.124726
0 0.317029 0.285683 0.054348 0.101888
6 0.355072 0.287440 0.049407 0.122969
3 0.394104 0.290075 0.054348 0.107159
0 0.425231 0.241765 0.051383 0.084321
0 0.403491 0.413922 0.063241 0.161616
0 0.461792 0.422705 0.073123 0.172156
0 0.523057 0.435881 0.077075 0.173913
0 0.608037 0.449056 0.096838 0.203777
0 0.431653 0.310277 0.038538 0.066755
3 0.520092 0.338384 0.086957 0.151076
3 0.519104 0.251427 0.037549 0.068511
3 0.567029 0.288318 0.058300 0.121212
0 0.621871 0.297101 0.081028 0.128239
3 0.549736 0.215415 0.043478 0.073781
3 0.609519 0.218928 0.066206 0.087835
3 0.670784 0.240009 0.054348 0.115942
0 0.744895 0.207510 0.080040 0.124726
0 0.818511 0.480676 0.100791 0.217830
3 0.828887 0.318182 0.076087 0.142292
3 0.900527 0.352437 0.071146 0.137022
3 0.976449 0.382301 0.047101 0.105402
0 0.983366 0.303250 0.033267 0.059728
3 0.855072 0.250549 0.033597 0.066755
0 0.971673 0.236495 0.035573 0.059728