9 0.360013 0.773715 0.274704 0.452569
3 0.942029 0.210145 0.053360 0.112429
3 0.932642 0.392841 0.056324 0.140536
1 0.443685 0.102711 0.048766 0.088386
1 0.694993 0.115283 0.047431 0.077295
1 0.730567 0.161836 0.041502 0.107159
0 0.376534 0.160222 0.071770 0.101704
0 0.494591 0.114455 0.068650 0.097081
0 0.496411 0.242509 0.068130 0.129441
0 0.558560 0.240660 0.071770 0.090609
0 0.575463 0.162071 0.052528 0.116497
0 0.626170 0.188883 0.065529 0.142385
0 0.684765 0.221244 0.074891 0.146083
0 0.392397 0.347911 0.108696 0.177519
0 0.532817 0.393677 0.082692 0.239466
0 0.795108 0.586914 0.088933 0.261655
0 0.839054 0.419566 0.078011 0.154404
0 0.872859 0.306767 0.058248 0.174745
0 0.885861 0.197205 0.044726 0.061022
0 0.894962 0.138956 0.045247 0.070268