9 0.298748 0.593105 0.166008 0.305665
1 0.190547 0.424462 0.076087 0.133509
1 0.311100 0.286561 0.038538 0.103645
1 0.349144 0.297101 0.049407 0.110672
0 0.273057 0.361221 0.067194 0.112429
0 0.394104 0.293588 0.056324 0.114185
0 0.425725 0.243522 0.056324 0.091348
0 0.397563 0.421827 0.071146 0.145806
0 0.460310 0.422705 0.072134 0.154589
0 0.526515 0.440272 0.072134 0.186210
0 0.606555 0.447299 0.095850 0.186210
1 0.445487 0.347167 0.080040 0.115942
0 0.522068 0.324330 0.083004 0.172156
0 0.523057 0.281291 0.055336 0.131752
0 0.567523 0.279534 0.049407 0.124726
0 0.621871 0.297980 0.081028 0.126482
3 0.553195 0.223320 0.056324 0.100132
3 0.610013 0.222442 0.063241 0.101888
3 0.671278 0.234739 0.057312 0.119455
0 0.748353 0.207510 0.065217 0.114185
0 0.810112 0.478920 0.109684 0.214317
0 0.969532 0.253184 0.060935 0.114185
0 0.975461 0.318182 0.049078 0.096618
0 0.825922 0.312912 0.078063 0.142292
3 0.901515 0.350681 0.069170 0.133509
3 0.975955 0.385815 0.048090 0.126482
3 0.858037 0.273386 0.055336 0.119455