9 0.273551 0.780742 0.230237 0.438516
1 0.366930 0.218928 0.037549 0.080808
1 0.429677 0.160079 0.028656 0.075538
1 0.594203 0.140755 0.035573 0.064998
1 0.635705 0.147782 0.029644 0.064998
1 0.678689 0.149539 0.034585 0.064998
1 0.807642 0.156566 0.033597 0.072025
1 0.861495 0.166227 0.034585 0.073781
1 0.804677 0.215415 0.063241 0.073781
4 0.456357 0.186430 0.038538 0.047431
4 0.489460 0.354194 0.081028 0.091348
0 0.555665 0.180281 0.037549 0.087835
0 0.702404 0.562363 0.105731 0.219587
0 0.336298 0.424462 0.043478 0.154589
0 0.487978 0.244401 0.060277 0.103645
6 0.794796 0.417435 0.077075 0.175670
6 0.869895 0.427975 0.079051 0.175670
3 0.202899 0.457839 0.073123 0.101888
3 0.239460 0.349802 0.031621 0.086078
3 0.275033 0.348924 0.047431 0.073781
3 0.344203 0.279534 0.051383 0.072025
3 0.402997 0.217172 0.046443 0.077295
3 0.599144 0.196091 0.045455 0.070268
3 0.660902 0.200483 0.058300 0.093105
3 0.558630 0.253184 0.049407 0.079051
3 0.614954 0.262846 0.071146 0.091348
3 0.809618 0.277778 0.067194 0.124726
3 0.420290 0.336627 0.053360 0.101888
3 0.388175 0.457839 0.072134 0.147563
3 0.465744 0.490338 0.086957 0.135266
3 0.823946 0.647563 0.109684 0.207290
3 0.861001 0.232982 0.043478 0.087835
5 0.311100 0.264603 0.044466 0.094862
4 0.162879 0.450812 0.036561 0.087835
1 0.872859 0.316425 0.063241 0.103645