0 0.228590 0.570268 0.104743 0.186210
0 0.363966 0.406017 0.079051 0.166886
0 0.445487 0.420070 0.082016 0.187967
3 0.338768 0.224199 0.058300 0.112429
0 0.469697 0.264603 0.069170 0.151076
0 0.604578 0.324330 0.087945 0.158103
0 0.813076 0.504392 0.105731 0.219587
6 0.891634 0.270751 0.075099 0.100132
6 0.958333 0.304128 0.062253 0.114185
3 0.279974 0.229469 0.053360 0.077295
3 0.403985 0.175889 0.060277 0.068511
3 0.601614 0.164471 0.064229 0.091348
3 0.715744 0.176768 0.067194 0.101888
3 0.933630 0.577295 0.123518 0.221344
3 0.957345 0.212780 0.044466 0.086078
3 0.533926 0.297101 0.073123 0.142292
1 0.356555 0.155687 0.050395 0.073781
9 0.475626 0.921278 0.124506 0.157444