9 0.359025 0.773715 0.308300 0.452569
3 0.941041 0.211023 0.053360 0.121212
3 0.939065 0.383180 0.063241 0.135266
4 0.444499 0.107378 0.062253 0.093105
0 0.378028 0.152782 0.082852 0.114185
0 0.503636 0.114270 0.047507 0.096618
0 0.389809 0.344780 0.118577 0.191885
0 0.534230 0.400521 0.085892 0.268234
0 0.493374 0.227216 0.064229 0.116212
0 0.560454 0.246473 0.057008 0.103375
0 0.575149 0.159313 0.047887 0.102024
0 0.626267 0.183637 0.071070 0.153373
0 0.684542 0.098167 0.066510 0.083781
0 0.729958 0.154922 0.044086 0.098645
0 0.688533 0.217870 0.047127 0.161931
0 0.892242 0.143661 0.044086 0.071619
0 0.879700 0.199402 0.052448 0.054728
0 0.872479 0.305142 0.060809 0.172967
0 0.830673 0.415724 0.069930 0.156751
0 0.796088 0.598375 0.101095 0.278369