1 0.229252 0.582305 0.114198 0.217650
3 0.278635 0.235711 0.060700 0.124371
3 0.342421 0.235711 0.068930 0.128029
3 0.352709 0.148834 0.064815 0.115226
3 0.402606 0.163466 0.063786 0.100594
3 0.617112 0.163466 0.060700 0.122542
3 0.717421 0.196388 0.078189 0.162780
3 0.881001 0.302469 0.086420 0.137174
3 0.954904 0.312529 0.090192 0.168267
3 0.942558 0.608825 0.114883 0.336534
0 0.354767 0.415866 0.085391 0.213992
0 0.436557 0.427755 0.111111 0.168267
0 0.803326 0.547554 0.138889 0.276177
6 0.456619 0.284179 0.066872 0.151806
6 0.524005 0.297897 0.084362 0.124371
1 0.629973 0.344536 0.102881 0.177412
7 0.954561 0.228395 0.073045 0.160951