9 0.337780 0.583443 0.161067 0.303909
6 0.739954 0.477163 0.091897 0.207290
0 0.310112 0.301493 0.046443 0.091348
0 0.443511 0.325209 0.054348 0.064998
0 0.603590 0.464866 0.082016 0.214317
0 0.517622 0.261968 0.044466 0.061484
0 0.569993 0.278656 0.034585 0.115942
0 0.420290 0.231225 0.037549 0.056214
0 0.746377 0.207510 0.057312 0.107159
5 0.394598 0.425340 0.065217 0.142292
5 0.517128 0.461353 0.069170 0.151076
3 0.187088 0.435881 0.065217 0.145806
3 0.264657 0.360343 0.058300 0.110672
3 0.354084 0.292710 0.041502 0.108915
3 0.399045 0.291831 0.068182 0.089592
3 0.520092 0.348924 0.079051 0.122969
0 0.448452 0.340141 0.064229 0.108915
3 0.447958 0.442029 0.073123 0.175670
0 0.570487 0.275143 0.035573 0.108915
3 0.552701 0.218928 0.037549 0.066755
3 0.619401 0.210145 0.054348 0.056214
3 0.668314 0.232104 0.043478 0.096618
3 0.626318 0.301493 0.083992 0.105402
3 0.830369 0.322574 0.069170 0.140536
3 0.864460 0.276899 0.052372 0.105402
3 0.902997 0.358586 0.082016 0.135266
0 0.971673 0.378788 0.049407 0.129996
3 0.975132 0.302372 0.046443 0.047431
3 0.968709 0.248792 0.061265 0.066755