2 0.622859 0.256697 0.055336 0.114185
9 0.248847 0.751208 0.186759 0.477822
1 0.313570 0.265481 0.035573 0.103645
1 0.370389 0.221563 0.036561 0.064998
1 0.428195 0.158322 0.029644 0.064998
1 0.593215 0.152174 0.041502 0.070268
1 0.636199 0.137242 0.030632 0.054458
1 0.681653 0.147782 0.030632 0.064998
1 0.807148 0.157444 0.030632 0.070268
1 0.861989 0.158322 0.031621 0.064998
1 0.804677 0.210145 0.051383 0.063241
0 0.561594 0.177646 0.047431 0.072025
0 0.875823 0.441151 0.071146 0.180940
4 0.454875 0.188186 0.035573 0.047431
4 0.487484 0.348924 0.081028 0.087835
3 0.200922 0.456961 0.065217 0.086078
3 0.234519 0.347167 0.029644 0.077295
3 0.274539 0.353316 0.048419 0.082565
3 0.464262 0.491217 0.082016 0.126482
3 0.370883 0.467501 0.073123 0.121212
3 0.329381 0.431489 0.041502 0.126482
3 0.349638 0.271629 0.054348 0.080808
3 0.414361 0.337505 0.053360 0.093105
3 0.400527 0.214537 0.039526 0.086078
3 0.490448 0.246157 0.063241 0.082565
3 0.561594 0.245279 0.051383 0.084321
3 0.605567 0.199605 0.040514 0.056214
3 0.664855 0.195213 0.052372 0.089592
3 0.707839 0.593105 0.106719 0.189723
3 0.822464 0.649319 0.098814 0.214317
3 0.789361 0.438516 0.080040 0.154589
3 0.810606 0.287440 0.063241 0.108915
3 0.863472 0.236495 0.050395 0.080808
4 0.163373 0.436759 0.037549 0.080808
1 0.876812 0.310277 0.065217 0.087835