9 0.339756 0.587835 0.163043 0.312692
6 0.731061 0.478041 0.119565 0.226614
0 0.402503 0.418314 0.053360 0.159859
0 0.522068 0.436759 0.063241 0.172156
0 0.605567 0.444664 0.082016 0.177426
0 0.520092 0.255819 0.041502 0.059728
0 0.571970 0.277778 0.040514 0.121212
0 0.747365 0.208388 0.063241 0.115942
4 0.971509 0.378788 0.056982 0.126482
3 0.187088 0.427097 0.073123 0.142292
3 0.268610 0.363856 0.056324 0.114185
3 0.316041 0.294466 0.044466 0.094862
3 0.354084 0.294466 0.043478 0.112429
3 0.401021 0.297101 0.058300 0.103645
3 0.419302 0.234739 0.031621 0.049188
3 0.448946 0.324330 0.063241 0.073781
3 0.450428 0.438516 0.080040 0.179183
3 0.515151 0.323452 0.081028 0.086078
3 0.547760 0.218928 0.033597 0.070268
3 0.610013 0.218050 0.057312 0.057971
3 0.666337 0.240887 0.043478 0.114185
3 0.623847 0.298858 0.081028 0.100132
3 0.829875 0.322574 0.080040 0.140536
3 0.900033 0.350681 0.078063 0.133509
3 0.858037 0.268994 0.043478 0.086078
3 0.971179 0.253184 0.056324 0.089592
5 0.978096 0.297101 0.038538 0.072025