3 0.202404 0.458718 0.074111 0.096618
3 0.240942 0.348924 0.034585 0.094862
3 0.278491 0.356829 0.054348 0.079051
3 0.348155 0.273386 0.051383 0.077295
3 0.401515 0.209267 0.047431 0.075538
3 0.460310 0.504392 0.076087 0.138779
3 0.372365 0.468379 0.062253 0.119455
3 0.327404 0.436759 0.035573 0.115942
3 0.419302 0.338384 0.051383 0.101888
3 0.711298 0.586078 0.105731 0.196750
3 0.824934 0.647563 0.101779 0.200264
3 0.791337 0.438516 0.087945 0.154589
3 0.807642 0.279534 0.071146 0.124726
3 0.864954 0.231225 0.053360 0.084321
3 0.660902 0.192578 0.044466 0.108915
3 0.609025 0.196091 0.051383 0.073781
1 0.306159 0.254941 0.034585 0.082565
1 0.370389 0.212780 0.032609 0.068511
1 0.432148 0.150417 0.033597 0.056214
1 0.599144 0.145147 0.041502 0.059728
1 0.630764 0.138999 0.027668 0.064998
1 0.682148 0.138999 0.031621 0.064998
1 0.802701 0.146904 0.035573 0.056214
1 0.862978 0.165349 0.033597 0.061484
1 0.800725 0.204875 0.055336 0.052701
1 0.619401 0.257576 0.070158 0.137022
4 0.451910 0.180281 0.037549 0.045674
4 0.489954 0.354194 0.078063 0.098375
0 0.873847 0.433245 0.081028 0.172156
0 0.559124 0.173254 0.044466 0.084321
5 0.491930 0.237374 0.054348 0.089592
3 0.559124 0.246157 0.048419 0.082565
9 0.242918 0.787769 0.204545 0.424462
4 0.163373 0.447299 0.033597 0.094862
1 0.878788 0.311155 0.057312 0.093105