9 0.357049 0.770531 0.247036 0.453228
3 0.942029 0.206632 0.041502 0.105402
3 0.942029 0.390206 0.067194 0.145806
1 0.444993 0.119675 0.039526 0.086078
1 0.736495 0.159201 0.043478 0.108915
0 0.395864 0.344983 0.111816 0.182142
0 0.379221 0.158218 0.068130 0.108176
0 0.504819 0.119386 0.046807 0.104477
0 0.492338 0.237270 0.069690 0.131290
0 0.552146 0.240506 0.058248 0.089684
0 0.539924 0.386127 0.084772 0.218200
0 0.578930 0.160067 0.053568 0.113723
0 0.631458 0.185956 0.061889 0.128516
0 0.697767 0.118924 0.037445 0.066570
0 0.684419 0.244204 0.059289 0.198784
0 0.894789 0.141114 0.050447 0.073966
0 0.884907 0.196588 0.059809 0.072117
0 0.868265 0.294131 0.051487 0.154404
0 0.826139 0.406467 0.093093 0.138687
0 0.791554 0.582137 0.102975 0.301412