1 0.222051 0.584134 0.118313 0.199360
0 0.345508 0.404893 0.075103 0.177412
0 0.429355 0.425926 0.088477 0.182899
3 0.271433 0.225652 0.060700 0.085963
3 0.317215 0.194559 0.057613 0.104252
3 0.348594 0.130544 0.046296 0.074989
4 0.395919 0.162551 0.048354 0.080476
3 0.617627 0.146091 0.078189 0.098765
3 0.728738 0.168953 0.076132 0.100594
0 0.453018 0.283265 0.082305 0.146319
3 0.530693 0.304298 0.075103 0.155464
1 0.619684 0.334476 0.088477 0.139003
0 0.796639 0.532922 0.109053 0.217650
3 0.939472 0.578647 0.121056 0.203018
3 0.885631 0.275949 0.060700 0.102423
3 0.953532 0.307956 0.077160 0.111568
7 0.954561 0.219250 0.077160 0.113397