9 0.286535 0.596557 0.161901 0.312805
9 0.819587 0.479798 0.113636 0.240035
0 0.193365 0.409743 0.083700 0.123819
0 0.271566 0.335886 0.060484 0.132508
0 0.362598 0.258227 0.027493 0.087977
0 0.404448 0.284295 0.040323 0.094493
0 0.415139 0.218041 0.044599 0.042359
0 0.442632 0.309819 0.053152 0.060823
0 0.398949 0.410286 0.061095 0.142283
0 0.465543 0.421690 0.059873 0.134680
0 0.526332 0.431465 0.055596 0.152058
0 0.617058 0.459162 0.095308 0.224829
0 0.756048 0.212610 0.070259 0.127077
0 0.828140 0.308732 0.066593 0.136852
0 0.977761 0.379331 0.044477 0.093407
3 0.972630 0.249538 0.046432 0.087977
3 0.918561 0.350548 0.073925 0.137939
3 0.867852 0.245737 0.040934 0.067340
3 0.666850 0.221299 0.062928 0.098838
3 0.614919 0.212610 0.045821 0.083632
3 0.544355 0.197404 0.026882 0.053220
3 0.519611 0.247366 0.034824 0.055393
3 0.568487 0.256055 0.037268 0.109699
3 0.518695 0.318508 0.062317 0.076029
6 0.625611 0.293527 0.067204 0.115130
3 0.318609 0.279950 0.062928 0.092321
7 0.980511 0.306560 0.038978 0.069512