6 0.792819 0.423584 0.067194 0.173913
6 0.874341 0.443786 0.093874 0.179183
1 0.367918 0.210145 0.035573 0.063241
1 0.429677 0.153052 0.028656 0.061484
1 0.599638 0.143390 0.036561 0.063241
1 0.637681 0.144269 0.025692 0.064998
1 0.681159 0.146904 0.041502 0.056214
1 0.807642 0.159201 0.033597 0.073781
1 0.862484 0.163592 0.032609 0.064998
1 0.805171 0.216293 0.052372 0.075538
4 0.489954 0.354194 0.083992 0.091348
4 0.457839 0.186430 0.037549 0.050944
0 0.554677 0.181159 0.041502 0.089592
9 0.279974 0.789526 0.250988 0.420948
3 0.834321 0.637022 0.122530 0.200264
3 0.865448 0.236495 0.050395 0.087835
3 0.812582 0.280413 0.075099 0.119455
3 0.200922 0.459596 0.073123 0.108915
3 0.239954 0.352437 0.040514 0.073781
3 0.278491 0.348046 0.056324 0.072025
3 0.344697 0.278656 0.050395 0.080808
3 0.404480 0.216293 0.041502 0.072025
3 0.467227 0.495608 0.095850 0.131752
3 0.383729 0.447299 0.071146 0.133509
3 0.416831 0.326965 0.056324 0.089592
3 0.604084 0.196970 0.043478 0.068511
3 0.658926 0.209267 0.056324 0.089592
3 0.559618 0.250549 0.051383 0.091348
3 0.617424 0.257576 0.060277 0.115942
0 0.314559 0.253184 0.027668 0.093105
0 0.492424 0.238252 0.051383 0.091348
0 0.719697 0.552701 0.108696 0.270531
4 0.166337 0.451691 0.039526 0.107159
1 0.874341 0.316425 0.050395 0.089592
0 0.327404 0.433245 0.037549 0.129996