0 0.180732 0.416240 0.082565 0.145076
0 0.267857 0.348822 0.073445 0.114354
0 0.365543 0.267324 0.027842 0.091313
0 0.416907 0.224228 0.048963 0.047790
0 0.393865 0.286098 0.057604 0.082779
0 0.400346 0.409413 0.057124 0.139956
0 0.517953 0.255803 0.048483 0.092166
0 0.555396 0.212707 0.037922 0.062297
6 0.561876 0.259643 0.059524 0.081072
6 0.626920 0.292499 0.079205 0.112647
3 0.667723 0.232762 0.049443 0.092166
3 0.609159 0.204600 0.054243 0.066564
0 0.451229 0.306153 0.065764 0.078512
3 0.520353 0.320661 0.064804 0.076805
0 0.605319 0.470003 0.089766 0.228708
0 0.529954 0.431174 0.074405 0.178358
0 0.461310 0.422640 0.073445 0.181772
3 0.314420 0.277564 0.063844 0.091313
9 0.286818 0.611666 0.165131 0.324287
0 0.743088 0.202040 0.072965 0.128008
0 0.852295 0.228921 0.056164 0.062297
0 0.829973 0.305726 0.075845 0.125448
3 0.967502 0.244709 0.054243 0.068271
3 0.905818 0.350529 0.077765 0.145076
3 0.975230 0.371864 0.049539 0.104113
7 0.979791 0.296766 0.040418 0.052910
9 0.821573 0.475977 0.111847 0.220174