9 0.339262 0.584321 0.160079 0.298639
6 0.738966 0.475406 0.099802 0.210804
0 0.269598 0.355072 0.064229 0.128239
0 0.312582 0.297101 0.047431 0.089592
0 0.419302 0.230347 0.035573 0.047431
0 0.399539 0.420949 0.051383 0.168643
0 0.521574 0.438516 0.058300 0.172156
0 0.607049 0.440272 0.094862 0.179183
0 0.521080 0.260211 0.041502 0.068511
0 0.570982 0.272508 0.042490 0.117699
0 0.747365 0.205753 0.067194 0.114185
3 0.192029 0.429732 0.079051 0.137022
3 0.354084 0.296223 0.045455 0.105402
3 0.403491 0.292710 0.059289 0.105402
3 0.451910 0.334870 0.057312 0.080808
3 0.517622 0.333114 0.070158 0.098375
3 0.453887 0.441151 0.081028 0.159859
3 0.550231 0.211023 0.038538 0.054458
3 0.619401 0.298858 0.078063 0.117699
3 0.613472 0.224199 0.048419 0.066755
3 0.667325 0.245279 0.045455 0.112429
3 0.830863 0.318182 0.074111 0.142292
3 0.864460 0.274264 0.046443 0.086078
3 0.897563 0.354194 0.079051 0.140536
3 0.969697 0.375274 0.057312 0.115942
3 0.972167 0.301493 0.050395 0.049188
3 0.966733 0.249671 0.063241 0.068511