6 0.883729 0.265481 0.077075 0.100132
6 0.964756 0.315547 0.067194 0.126482
3 0.338274 0.241765 0.071146 0.091348
3 0.535902 0.312033 0.077075 0.133509
3 0.406950 0.178524 0.066206 0.066755
3 0.939065 0.586078 0.106719 0.245938
3 0.962780 0.224199 0.051383 0.084321
1 0.358531 0.159201 0.050395 0.080808
0 0.232543 0.564998 0.100791 0.175670
0 0.366436 0.397233 0.074111 0.163373
0 0.451416 0.414800 0.083992 0.177426
0 0.818511 0.492973 0.108696 0.207290
0 0.611989 0.317303 0.081028 0.154589
0 0.275033 0.240009 0.055336 0.094862
9 0.707839 0.944115 0.126482 0.111770
3 0.484519 0.288318 0.055336 0.170400
3 0.719203 0.175011 0.060277 0.105402
3 0.610013 0.166227 0.053360 0.091348