0 0.186594 0.413922 0.078063 0.147563
9 0.292819 0.600132 0.169960 0.326746
0 0.272068 0.357708 0.079051 0.126482
0 0.311100 0.283926 0.052372 0.112429
1 0.352108 0.288318 0.051383 0.103645
1 0.398057 0.296223 0.066206 0.108915
0 0.421772 0.245279 0.062253 0.091348
0 0.396574 0.419192 0.077075 0.168643
0 0.457839 0.424462 0.077075 0.168643
0 0.525033 0.430610 0.077075 0.166886
0 0.610013 0.448177 0.096838 0.198507
0 0.449934 0.336627 0.065217 0.126482
0 0.513669 0.349802 0.091897 0.142292
0 0.517622 0.272508 0.060277 0.117699
0 0.567029 0.282170 0.054348 0.112429
0 0.623847 0.297101 0.077075 0.131752
3 0.551713 0.221563 0.061265 0.096618
3 0.611989 0.230347 0.063241 0.103645
3 0.669302 0.244401 0.065217 0.117699
0 0.746871 0.206632 0.076087 0.112429
0 0.818511 0.484190 0.094862 0.224857
3 0.827899 0.318182 0.076087 0.149319
3 0.901021 0.352437 0.076087 0.137022
3 0.974967 0.380545 0.050066 0.122969
3 0.853096 0.271629 0.071146 0.129996
3 0.972003 0.321695 0.055994 0.100132
0 0.966568 0.259332 0.066864 0.112429