9 0.295290 0.584321 0.166996 0.326746
0 0.193511 0.420070 0.078063 0.138779
0 0.266634 0.351559 0.091897 0.135266
0 0.310606 0.283926 0.051383 0.105402
0 0.353590 0.288318 0.052372 0.110672
0 0.398551 0.288318 0.065217 0.107159
0 0.422266 0.241765 0.061265 0.091348
0 0.402997 0.414800 0.066206 0.159859
0 0.458827 0.427097 0.075099 0.173913
0 0.526515 0.434124 0.072134 0.166886
0 0.608531 0.444664 0.095850 0.191480
0 0.448452 0.338384 0.064229 0.112429
0 0.518116 0.335749 0.088933 0.145806
0 0.518610 0.276021 0.060277 0.114185
0 0.567029 0.281291 0.058300 0.114185
0 0.621377 0.290953 0.080040 0.126482
3 0.553195 0.223320 0.056324 0.100132
3 0.609519 0.224199 0.066206 0.101888
0 0.671772 0.231225 0.054348 0.119455
0 0.747365 0.208388 0.063241 0.108915
0 0.811594 0.478041 0.104743 0.219587
3 0.828887 0.315547 0.076087 0.144049
3 0.900527 0.350681 0.069170 0.140536
3 0.976943 0.386693 0.046113 0.128239
3 0.852602 0.274264 0.068182 0.128239
0 0.965580 0.259332 0.068840 0.105402
0 0.972497 0.314668 0.055006 0.100132