9 0.149271 0.871102 0.119887 0.198088
0 0.778985 0.494730 0.075099 0.217830
0 0.272068 0.347167 0.067194 0.105402
0 0.404974 0.421827 0.056324 0.152833
0 0.463274 0.420949 0.054348 0.168643
0 0.517622 0.432367 0.070158 0.170400
0 0.606555 0.441151 0.089921 0.184453
0 0.519104 0.318182 0.061265 0.103645
0 0.522068 0.258454 0.039526 0.061484
0 0.567029 0.291831 0.058300 0.110672
0 0.633729 0.290075 0.073123 0.103645
0 0.553689 0.206632 0.031621 0.052701
0 0.611495 0.212780 0.052372 0.075538
0 0.745389 0.194335 0.067194 0.122969
3 0.195487 0.425340 0.078063 0.124726
3 0.314559 0.283048 0.043478 0.089592
3 0.359025 0.293588 0.045455 0.096618
3 0.396574 0.290953 0.047431 0.094862
3 0.414855 0.223320 0.026680 0.047431
3 0.445982 0.320817 0.063241 0.066755
3 0.667325 0.234739 0.065217 0.105402
3 0.828393 0.321695 0.067194 0.152833
3 0.861495 0.261089 0.030632 0.084321
3 0.904480 0.347167 0.077075 0.133509
3 0.975626 0.234739 0.045455 0.056214
3 0.979414 0.301493 0.041172 0.056214
3 0.974144 0.384058 0.044466 0.094862