9 0.297266 0.597497 0.163043 0.314449
1 0.187582 0.421827 0.072134 0.152833
0 0.269598 0.348924 0.062253 0.115942
0 0.307642 0.283926 0.045455 0.108915
0 0.352108 0.287440 0.047431 0.105402
0 0.396080 0.287440 0.054348 0.105402
0 0.423748 0.238252 0.054348 0.091348
0 0.400527 0.411287 0.067194 0.152833
0 0.461792 0.422705 0.071146 0.165130
0 0.528491 0.430610 0.076087 0.166886
0 0.607543 0.442029 0.097826 0.189723
0 0.448452 0.335749 0.072134 0.121212
0 0.521080 0.328722 0.075099 0.170400
0 0.522563 0.283048 0.050395 0.128239
0 0.567029 0.284805 0.054348 0.121212
0 0.620389 0.295345 0.078063 0.131752
3 0.552701 0.224199 0.055336 0.091348
3 0.608037 0.224199 0.069170 0.108915
3 0.668314 0.236495 0.055336 0.115942
0 0.750329 0.209267 0.073123 0.124726
0 0.967556 0.261968 0.064888 0.110672
0 0.808136 0.481555 0.099802 0.233641
0 0.972991 0.312912 0.054018 0.086078
3 0.974473 0.385815 0.051054 0.112429
3 0.900033 0.351559 0.070158 0.128239
3 0.829381 0.314668 0.075099 0.149319
3 0.855072 0.279534 0.065217 0.128239