9 0.335804 0.580808 0.161067 0.298639
6 0.733531 0.482433 0.106719 0.228371
0 0.309618 0.297980 0.049407 0.091348
0 0.511199 0.261968 0.045455 0.064998
0 0.569499 0.276899 0.039526 0.126482
0 0.745883 0.203996 0.060277 0.117699
0 0.609519 0.445542 0.091897 0.182697
0 0.521080 0.432367 0.071146 0.166886
0 0.402997 0.414800 0.058300 0.152833
0 0.271080 0.352437 0.067194 0.122969
5 0.965250 0.253184 0.068182 0.086078
5 0.421278 0.232104 0.045455 0.054458
4 0.972661 0.385815 0.053360 0.140536
5 0.903985 0.345411 0.072134 0.161616
3 0.190053 0.431489 0.071146 0.140536
3 0.355567 0.293588 0.048419 0.107159
3 0.402009 0.291831 0.058300 0.093105
3 0.449934 0.331357 0.057312 0.077295
3 0.516634 0.325209 0.076087 0.075538
3 0.448946 0.435002 0.086957 0.168643
3 0.550725 0.211023 0.035573 0.064998
3 0.615448 0.218928 0.056324 0.059728
3 0.669796 0.237374 0.046443 0.093105
3 0.624835 0.299736 0.090909 0.122969
3 0.833827 0.326087 0.080040 0.133509
3 0.863966 0.281291 0.047431 0.100132
3 0.972497 0.307642 0.055006 0.054458