9 0.350626 0.768445 0.251976 0.463109
3 0.943017 0.203118 0.049407 0.101888
3 0.932148 0.380545 0.053360 0.137022
1 0.442523 0.104743 0.058300 0.098375
1 0.733037 0.166227 0.048419 0.108915
0 0.397453 0.345453 0.114460 0.177134
0 0.374602 0.158438 0.068758 0.109062
0 0.501482 0.118303 0.072464 0.087835
0 0.488719 0.240905 0.065876 0.141268
0 0.556448 0.244931 0.051466 0.112721
0 0.531332 0.391689 0.081110 0.217391
0 0.570378 0.142823 0.045290 0.107598
0 0.621638 0.183813 0.069582 0.135412
0 0.667339 0.131112 0.038291 0.094422
0 0.691219 0.214921 0.044055 0.149319
0 0.899553 0.143189 0.042408 0.067340
0 0.891112 0.202112 0.057642 0.073928
0 0.874231 0.298364 0.062582 0.144928
0 0.822354 0.407426 0.078228 0.146391
0 0.790651 0.584071 0.088933 0.263505