9 0.817972 0.490271 0.134409 0.237242
9 0.271217 0.613159 0.179531 0.336235
0 0.191002 0.411715 0.087012 0.145884
0 0.267402 0.350091 0.064375 0.128278
0 0.415782 0.218984 0.053410 0.047161
0 0.399689 0.295070 0.062252 0.092435
0 0.452922 0.315821 0.065436 0.071056
0 0.399866 0.406055 0.064021 0.150915
0 0.462118 0.411715 0.068265 0.159718
0 0.531091 0.428064 0.078169 0.169779
0 0.520126 0.311419 0.063314 0.094951
0 0.607668 0.435610 0.085597 0.179840
0 0.623055 0.297900 0.076754 0.125762
0 0.567346 0.275577 0.045274 0.127649
0 0.748621 0.210180 0.066143 0.135195
0 0.827320 0.313934 0.077108 0.132679
0 0.825552 0.245080 0.001415 0.003773
0 0.970961 0.244451 0.058078 0.076715
4 0.861984 0.246023 0.040323 0.091178
3 0.899830 0.349148 0.065789 0.136452
3 0.972199 0.379960 0.055602 0.121361
7 0.974144 0.295385 0.051712 0.051563
3 0.645338 0.237534 0.003891 0.008803
3 0.671336 0.241935 0.059423 0.111929
3 0.616334 0.213010 0.050580 0.060366
7 0.519949 0.242564 0.040323 0.049047
7 0.544001 0.202635 0.040323 0.039615
3 0.317982 0.285638 0.050226 0.092435
3 0.365910 0.277149 0.032895 0.096837