0 0.222167 0.561484 0.111660 0.200264
0 0.362484 0.402503 0.080040 0.163373
0 0.444993 0.415679 0.084980 0.179183
0 0.342721 0.220685 0.064229 0.112429
0 0.463274 0.273386 0.060277 0.147563
0 0.524045 0.305007 0.071146 0.168643
0 0.605072 0.318182 0.083004 0.159859
0 0.805665 0.505270 0.136364 0.238911
1 0.364954 0.167106 0.055336 0.096618
9 0.549736 0.907224 0.150198 0.185551
3 0.279974 0.239130 0.057312 0.086078
3 0.404480 0.178524 0.053360 0.077295
3 0.605072 0.163592 0.059289 0.082565
3 0.722167 0.175011 0.056324 0.101888
6 0.877306 0.268116 0.072134 0.108915
6 0.956357 0.313790 0.076087 0.129996
3 0.963274 0.237374 0.058300 0.068511
3 0.934124 0.583443 0.124506 0.261748