9 0.185237 0.877370 0.126939 0.235700
5 0.779974 0.488581 0.096838 0.194993
0 0.268610 0.352437 0.064229 0.101888
0 0.397563 0.425340 0.063241 0.152833
0 0.460804 0.423584 0.059289 0.163373
0 0.519104 0.425340 0.069170 0.152833
0 0.609519 0.435881 0.082016 0.173913
0 0.523551 0.254062 0.026680 0.059728
0 0.569005 0.289196 0.068182 0.101888
0 0.752306 0.213658 0.061265 0.105402
3 0.194005 0.433245 0.071146 0.129996
3 0.317029 0.287440 0.046443 0.091348
3 0.357543 0.283926 0.048419 0.077295
3 0.401021 0.283048 0.048419 0.064998
3 0.441041 0.333114 0.067194 0.066755
3 0.518610 0.321695 0.076087 0.103645
3 0.418808 0.230347 0.040514 0.047431
3 0.552207 0.213658 0.042490 0.056214
3 0.613472 0.217172 0.050395 0.073781
3 0.674736 0.232982 0.064229 0.098375
3 0.634717 0.296223 0.067194 0.108915
3 0.835804 0.323452 0.080040 0.142292
3 0.904480 0.344532 0.073123 0.117699
3 0.977931 0.394598 0.044137 0.101888
3 0.976943 0.319060 0.046113 0.070268
3 0.974473 0.255819 0.051054 0.084321
3 0.861495 0.261089 0.050395 0.087835