1 0.222051 0.598765 0.114198 0.195702
0 0.344479 0.424097 0.073045 0.135345
0 0.431413 0.420439 0.090535 0.160951
0 0.454047 0.295153 0.080247 0.192044
3 0.534294 0.315272 0.067901 0.144490
1 0.619170 0.320759 0.075103 0.115226
3 0.272462 0.251257 0.048354 0.093278
3 0.332647 0.227481 0.067901 0.104252
3 0.348594 0.132373 0.042181 0.096936
4 0.392833 0.175354 0.050412 0.087791
3 0.616598 0.149749 0.063786 0.113397
3 0.731310 0.159808 0.062757 0.115226
3 0.875343 0.272291 0.077160 0.102423
7 0.949931 0.229310 0.055556 0.104252
6 0.949931 0.306127 0.080247 0.137174
0 0.796639 0.531093 0.146091 0.228624
3 0.938443 0.579561 0.123114 0.226795