6 0.798748 0.417435 0.075099 0.196750
6 0.879282 0.446421 0.080040 0.170400
1 0.317523 0.256697 0.029644 0.100132
1 0.368412 0.218928 0.034585 0.073781
1 0.429183 0.160079 0.035573 0.068511
1 0.598650 0.145147 0.034585 0.070268
1 0.634717 0.144269 0.027668 0.064998
1 0.679677 0.142512 0.034585 0.050944
1 0.806653 0.153931 0.047431 0.063241
1 0.861001 0.161836 0.033597 0.061484
1 0.805171 0.213658 0.042490 0.073781
3 0.198452 0.456083 0.062253 0.101888
3 0.239954 0.350681 0.036561 0.070268
3 0.275527 0.349802 0.048419 0.068511
3 0.350132 0.275143 0.059289 0.073781
3 0.402009 0.213658 0.044466 0.070268
3 0.466238 0.489460 0.083992 0.133509
3 0.386199 0.441151 0.066206 0.173913
3 0.334321 0.429732 0.051383 0.144049
3 0.420290 0.332235 0.045455 0.096618
3 0.491930 0.245279 0.054348 0.098375
3 0.560606 0.254941 0.049407 0.089592
3 0.604578 0.194335 0.052372 0.070268
3 0.617424 0.261089 0.052372 0.101888
3 0.658432 0.191700 0.055336 0.103645
3 0.713274 0.589592 0.103755 0.179183
3 0.824934 0.639657 0.117589 0.194993
3 0.802207 0.283048 0.072134 0.110672
3 0.858037 0.241765 0.051383 0.105402
0 0.559124 0.175889 0.034585 0.086078
4 0.487484 0.355072 0.084980 0.096618
4 0.452899 0.186430 0.039526 0.043917
9 0.259223 0.786891 0.181818 0.426218
4 0.161397 0.445542 0.033597 0.084321
1 0.864954 0.331357 0.075099 0.119455