9 0.338768 0.582565 0.161067 0.302152
6 0.729084 0.474528 0.121542 0.216074
0 0.401021 0.422705 0.054348 0.161616
0 0.522068 0.432367 0.069170 0.166886
0 0.607049 0.445542 0.094862 0.193237
0 0.521574 0.252306 0.042490 0.063241
0 0.570487 0.276899 0.045455 0.126482
0 0.748353 0.205753 0.065217 0.107159
5 0.973485 0.292710 0.053030 0.052701
4 0.968215 0.386693 0.062253 0.131752
3 0.189559 0.427097 0.076087 0.149319
3 0.269598 0.366491 0.058300 0.105402
3 0.315053 0.292710 0.044466 0.087835
3 0.353590 0.292710 0.046443 0.108915
3 0.402503 0.292710 0.057312 0.094862
3 0.420290 0.244401 0.037549 0.075538
3 0.448452 0.331357 0.064229 0.073781
3 0.451416 0.455204 0.082016 0.163373
3 0.517128 0.330479 0.073123 0.100132
3 0.548748 0.217172 0.037549 0.063241
3 0.614954 0.218050 0.053360 0.064998
3 0.668808 0.238252 0.044466 0.105402
3 0.623847 0.298858 0.077075 0.107159
3 0.828887 0.316425 0.074111 0.138779
3 0.861495 0.259332 0.046443 0.066755
3 0.899045 0.355951 0.070158 0.129996
3 0.967227 0.241765 0.060277 0.066755