9 0.060884 0.823460 0.121768 0.343520
3 0.190053 0.423584 0.073123 0.128239
3 0.317029 0.282170 0.038538 0.119455
3 0.355072 0.280413 0.047431 0.094862
3 0.399045 0.286561 0.042490 0.079051
3 0.440382 0.320451 0.062582 0.046845
3 0.515810 0.325135 0.071146 0.091348
3 0.629776 0.293515 0.069829 0.096033
3 0.666667 0.239057 0.051383 0.097204
3 0.613307 0.226760 0.047431 0.079637
3 0.828942 0.316352 0.079051 0.129996
3 0.907993 0.338603 0.071146 0.122969
3 0.978371 0.385449 0.043258 0.092519
3 0.976504 0.311082 0.036891 0.065583
3 0.974199 0.244327 0.032279 0.058557
5 0.771959 0.480896 0.098155 0.192066
0 0.607598 0.436978 0.081686 0.183868
0 0.519982 0.431708 0.064559 0.159274
0 0.456083 0.418826 0.068511 0.166301
0 0.399429 0.414727 0.050066 0.146391
0 0.746926 0.208022 0.057312 0.112429
0 0.854633 0.226175 0.035573 0.062070
0 0.519324 0.256039 0.032938 0.058557
0 0.547650 0.205094 0.035573 0.050359
0 0.564119 0.281804 0.044796 0.091348
0 0.273935 0.350900 0.058630 0.103060
0 0.415569 0.227931 0.024374 0.037476