9 0.250823 0.781621 0.206522 0.436758
1 0.369895 0.217172 0.033597 0.070268
1 0.430665 0.153052 0.040514 0.064998
1 0.601120 0.144269 0.043478 0.050944
1 0.634717 0.143390 0.031621 0.056214
1 0.683630 0.153931 0.036561 0.070268
1 0.806653 0.157444 0.039526 0.080808
1 0.860507 0.172376 0.040514 0.079051
1 0.806159 0.212780 0.056324 0.064998
8 0.494401 0.135485 0.049407 0.149319
4 0.489954 0.351559 0.080040 0.096618
4 0.454875 0.191700 0.035573 0.057971
0 0.710804 0.586957 0.110672 0.226614
3 0.202404 0.460474 0.066206 0.093105
3 0.245883 0.348924 0.050395 0.073781
3 0.291337 0.346289 0.050395 0.117699
3 0.350132 0.268116 0.063241 0.080808
3 0.401515 0.215415 0.047431 0.073781
3 0.387681 0.451691 0.063241 0.149319
3 0.465744 0.495608 0.081028 0.128239
3 0.420784 0.333992 0.050395 0.107159
3 0.557642 0.262846 0.051383 0.084321
3 0.603096 0.196091 0.039526 0.073781
3 0.615942 0.270751 0.051383 0.114185
3 0.856061 0.226834 0.045455 0.100132
3 0.809618 0.277778 0.061265 0.152833
3 0.785408 0.436759 0.091897 0.151076
3 0.874835 0.454326 0.084980 0.196750
3 0.823946 0.653711 0.123518 0.230127
4 0.666337 0.227712 0.065217 0.108915
1 0.556653 0.175889 0.041502 0.075538
0 0.495883 0.243522 0.054348 0.087835
1 0.301219 0.265481 0.046443 0.079051
4 0.164361 0.447299 0.043478 0.087835
1 0.876812 0.316425 0.065217 0.089592