9 0.338768 0.588713 0.168972 0.303909
6 0.735013 0.480676 0.097826 0.224857
0 0.399539 0.420949 0.051383 0.161616
0 0.601614 0.445542 0.082016 0.189723
0 0.517622 0.254941 0.046443 0.068511
0 0.571476 0.275143 0.041502 0.122969
0 0.624341 0.293588 0.074111 0.103645
0 0.748847 0.211902 0.066206 0.115942
4 0.970520 0.397233 0.058959 0.093105
3 0.188076 0.427975 0.069170 0.144049
3 0.266634 0.368248 0.062253 0.112429
3 0.312582 0.297980 0.043478 0.091348
3 0.355567 0.293588 0.050395 0.107159
3 0.401021 0.290953 0.060277 0.098375
3 0.420290 0.238252 0.039526 0.063241
3 0.451416 0.322574 0.062253 0.070268
3 0.516634 0.315547 0.078063 0.077295
3 0.452404 0.436759 0.080040 0.151076
3 0.523057 0.436759 0.077075 0.172156
3 0.546278 0.220685 0.038538 0.070268
3 0.613472 0.221563 0.048419 0.075538
3 0.668314 0.240887 0.039526 0.103645
3 0.831357 0.325209 0.077075 0.135266
3 0.900527 0.353316 0.077075 0.135266
3 0.862484 0.279534 0.048419 0.107159
3 0.970026 0.252306 0.059947 0.059728
3 0.982378 0.304128 0.035244 0.100132