9 0.484519 0.941480 0.114625 0.117040
1 0.354578 0.159201 0.048419 0.080808
3 0.284914 0.241765 0.065217 0.091348
3 0.404974 0.177646 0.066206 0.061484
3 0.606555 0.161836 0.064229 0.082565
3 0.719697 0.175889 0.059289 0.107159
3 0.959816 0.225955 0.035573 0.066755
3 0.934124 0.557971 0.106719 0.203777
0 0.237978 0.564119 0.091897 0.226614
0 0.364954 0.398112 0.077075 0.158103
0 0.347167 0.230347 0.065217 0.121212
0 0.447464 0.421827 0.087945 0.166886
0 0.469203 0.268116 0.070158 0.144049
0 0.530962 0.295345 0.061265 0.145806
0 0.603096 0.316425 0.079051 0.163373
0 0.813570 0.500000 0.128458 0.228371
0 0.881752 0.269873 0.075099 0.098375
0 0.956357 0.303250 0.072134 0.115942