9 0.294796 0.598375 0.166008 0.319719
1 0.189559 0.421827 0.078063 0.131752
0 0.270092 0.356829 0.069170 0.107159
1 0.313076 0.283926 0.044466 0.098375
0 0.352108 0.286561 0.045455 0.121212
0 0.393610 0.291831 0.055336 0.114185
0 0.423748 0.240887 0.058300 0.089592
0 0.395092 0.419192 0.072134 0.161616
0 0.461792 0.422705 0.071146 0.161616
0 0.525527 0.428854 0.074111 0.166886
0 0.611495 0.447299 0.091897 0.200264
1 0.441535 0.341019 0.078063 0.114185
0 0.523057 0.323452 0.075099 0.166886
0 0.520586 0.283048 0.046443 0.138779
0 0.568511 0.283926 0.057312 0.126482
0 0.623847 0.290953 0.077075 0.129996
3 0.553195 0.230347 0.056324 0.096618
3 0.609519 0.229469 0.064229 0.101888
3 0.670784 0.239130 0.062253 0.117699
0 0.749835 0.211023 0.064229 0.121212
0 0.808630 0.482433 0.110672 0.235397
0 0.827404 0.317303 0.075099 0.144049
0 0.968050 0.255819 0.063900 0.105402
0 0.973485 0.312033 0.053030 0.084321
3 0.976943 0.378788 0.046113 0.129996
3 0.901021 0.352437 0.064229 0.133509
3 0.857049 0.276021 0.065217 0.124726