1 0.222565 0.588706 0.131687 0.212163
1 0.630487 0.358253 0.095679 0.175583
0 0.345508 0.402149 0.083333 0.193873
0 0.430898 0.419524 0.120370 0.166438
0 0.801783 0.514632 0.139918 0.272519
3 0.274520 0.241198 0.075103 0.102423
3 0.328018 0.226566 0.073045 0.120713
3 0.353738 0.157064 0.066872 0.106081
3 0.412894 0.197302 0.080247 0.106081
3 0.623285 0.175354 0.073045 0.142661
3 0.725137 0.195473 0.087449 0.124371
3 0.879973 0.297897 0.088477 0.124371
3 0.948903 0.309785 0.078189 0.155464
3 0.933813 0.606081 0.132373 0.356653
6 0.453532 0.285094 0.083333 0.142661
6 0.532236 0.315272 0.100823 0.133516
7 0.966221 0.253086 0.067558 0.166438