9 0.055242 0.832119 0.110484 0.335762
3 0.189559 0.423584 0.070158 0.121212
3 0.316535 0.282170 0.041502 0.094862
3 0.356555 0.284805 0.046443 0.096618
3 0.397563 0.290075 0.047431 0.086078
3 0.419302 0.228590 0.041502 0.050944
3 0.441041 0.331357 0.067194 0.059728
3 0.519104 0.331357 0.073123 0.101888
3 0.614460 0.208388 0.050395 0.094862
3 0.666831 0.238252 0.044466 0.091348
3 0.825249 0.318534 0.073662 0.151715
3 0.912385 0.346482 0.068272 0.130954
3 0.981345 0.384810 0.037310 0.108596
3 0.979548 0.307356 0.040903 0.075059
3 0.970326 0.249065 0.036831 0.070268
3 0.634807 0.298572 0.061085 0.095820
5 0.775392 0.472645 0.078153 0.194834
0 0.749790 0.204349 0.055695 0.111790
0 0.604264 0.435914 0.080848 0.178864
0 0.521619 0.432720 0.084441 0.146924
0 0.460534 0.418347 0.066475 0.162894
0 0.402144 0.411160 0.061085 0.138939
0 0.268296 0.340892 0.055695 0.106999
0 0.517577 0.252259 0.042221 0.060686
0 0.544077 0.203551 0.035932 0.043119
0 0.562942 0.282602 0.057492 0.083044
0 0.853994 0.238685 0.044916 0.075059