9 0.335804 0.579930 0.159091 0.300395
6 0.738472 0.475406 0.102767 0.207290
0 0.751318 0.204875 0.067194 0.108915
0 0.269104 0.355072 0.057312 0.107159
0 0.309618 0.297101 0.047431 0.086078
0 0.417325 0.235617 0.037549 0.054458
0 0.516634 0.261968 0.040514 0.068511
0 0.569005 0.276899 0.038538 0.115942
5 0.518116 0.466623 0.073123 0.154589
5 0.394104 0.426219 0.060277 0.140536
0 0.968709 0.377031 0.055336 0.108915
3 0.189065 0.433245 0.069170 0.137022
3 0.354578 0.295345 0.046443 0.103645
3 0.402997 0.292710 0.058300 0.087835
3 0.449934 0.333992 0.063241 0.093105
3 0.517622 0.348924 0.082016 0.122969
3 0.450428 0.438516 0.078063 0.154589
3 0.621871 0.297101 0.083004 0.121212
3 0.669302 0.240009 0.045455 0.112429
3 0.614954 0.225955 0.047431 0.094862
3 0.550725 0.220685 0.035573 0.077295
3 0.829381 0.319060 0.077075 0.133509
3 0.901515 0.355951 0.075099 0.137022
3 0.863966 0.264603 0.043478 0.070268
3 0.967721 0.265481 0.061265 0.100132
0 0.611001 0.468379 0.096838 0.231884
3 0.970026 0.306763 0.059947 0.059728