6 0.881258 0.275143 0.078063 0.080808
6 0.952404 0.304128 0.076087 0.121212
3 0.340744 0.237374 0.074111 0.082565
3 0.403985 0.181159 0.060277 0.072025
3 0.608037 0.162714 0.065217 0.087835
3 0.721673 0.176768 0.063241 0.105402
3 0.529974 0.308520 0.079051 0.137022
3 0.931159 0.559728 0.120553 0.193237
3 0.960310 0.215415 0.046443 0.087835
1 0.361001 0.163592 0.045455 0.093105
0 0.227108 0.573781 0.093874 0.193237
0 0.361989 0.396355 0.075099 0.154589
0 0.449440 0.412165 0.082016 0.165130
0 0.822464 0.497365 0.110672 0.205534
0 0.613472 0.320817 0.087945 0.151076
0 0.274045 0.236495 0.057312 0.087835
9 0.679677 0.947628 0.133399 0.104743
3 0.481061 0.268994 0.058300 0.142292