1 0.213820 0.603338 0.124486 0.230453
0 0.357339 0.397577 0.082305 0.195702
0 0.424726 0.422268 0.099794 0.168267
0 0.470508 0.305213 0.076132 0.160951
0 0.817215 0.539323 0.096708 0.241427
3 0.271433 0.244856 0.087449 0.157293
3 0.339335 0.230224 0.075103 0.164609
3 0.355281 0.154321 0.059671 0.155464
3 0.407236 0.180841 0.081276 0.124371
3 0.608882 0.158893 0.089506 0.124371
3 0.736454 0.199131 0.108025 0.135345
3 0.534294 0.321674 0.088477 0.157293
3 0.877401 0.291495 0.068930 0.107910
6 0.950274 0.328075 0.099451 0.126200
3 0.932956 0.603338 0.114198 0.230453
1 0.625343 0.353681 0.128601 0.170096
7 0.963134 0.233882 0.073731 0.120713