9 0.262681 0.778986 0.186759 0.442028
8 0.467721 0.117918 0.041502 0.107159
1 0.370389 0.213658 0.032609 0.063241
1 0.429183 0.155687 0.031621 0.063241
1 0.597167 0.148661 0.041502 0.066755
1 0.637681 0.148661 0.037549 0.066755
1 0.680171 0.152174 0.035573 0.073781
1 0.861495 0.173254 0.040514 0.073781
1 0.803689 0.211902 0.045455 0.059728
1 0.881258 0.318182 0.060277 0.107159
4 0.457839 0.183794 0.045455 0.052701
4 0.662385 0.211902 0.057312 0.080808
4 0.486989 0.351559 0.074111 0.093105
3 0.201416 0.461353 0.056324 0.101888
3 0.244401 0.357708 0.047431 0.105402
3 0.403491 0.215415 0.049407 0.080808
3 0.600132 0.200483 0.045455 0.072025
3 0.552701 0.259332 0.045455 0.073781
3 0.612484 0.272508 0.052372 0.086078
3 0.806653 0.282170 0.067194 0.105402
3 0.860013 0.223320 0.063241 0.082565
3 0.414855 0.325209 0.048419 0.089592
3 0.381752 0.461353 0.071146 0.172156
3 0.462286 0.507027 0.083992 0.165130
3 0.778985 0.442029 0.083004 0.140536
3 0.826910 0.656346 0.103755 0.221344
0 0.713274 0.592227 0.099802 0.212560
0 0.880270 0.455204 0.072134 0.166886
0 0.491436 0.241765 0.057312 0.098375
0 0.550725 0.180281 0.049407 0.087835
0 0.805665 0.157444 0.041502 0.063241
1 0.350132 0.275143 0.061265 0.087835
1 0.309618 0.255819 0.033597 0.094862
0 0.290843 0.347167 0.039526 0.147563
4 0.167819 0.434124 0.038538 0.100132