9 0.337286 0.589592 0.164032 0.316206
6 0.734519 0.482433 0.110672 0.228371
0 0.400033 0.420949 0.056324 0.161616
0 0.608037 0.449934 0.088933 0.191480
0 0.517128 0.262846 0.051383 0.073781
0 0.570982 0.282170 0.038538 0.129996
0 0.745883 0.214537 0.064229 0.124726
0 0.308136 0.298858 0.046443 0.096618
5 0.966733 0.252306 0.059289 0.098375
5 0.424736 0.230347 0.040514 0.061484
5 0.898551 0.366491 0.073123 0.137022
3 0.188076 0.434124 0.069170 0.145806
3 0.267128 0.367369 0.057312 0.110672
3 0.353590 0.294466 0.044466 0.105402
3 0.399539 0.290075 0.051383 0.100132
3 0.450922 0.329600 0.061265 0.080808
3 0.455863 0.443786 0.092885 0.172156
3 0.553195 0.215415 0.042490 0.066755
3 0.613966 0.220685 0.057312 0.070268
3 0.668808 0.240009 0.046443 0.101888
3 0.829381 0.321695 0.069170 0.135266
3 0.862484 0.267238 0.048419 0.079051
3 0.970685 0.297980 0.055336 0.049188
4 0.971014 0.387571 0.057971 0.115942
5 0.529974 0.444664 0.073123 0.187967
3 0.514163 0.325209 0.077075 0.086078