9 0.338274 0.585200 0.164032 0.307422
6 0.725132 0.492973 0.113636 0.249451
6 0.623847 0.299736 0.081028 0.108915
0 0.402503 0.421827 0.055336 0.166886
0 0.608037 0.467501 0.088933 0.219587
0 0.515646 0.255819 0.052372 0.063241
0 0.421278 0.234739 0.049407 0.063241
0 0.570982 0.270751 0.034585 0.121212
0 0.745883 0.211023 0.062253 0.121212
0 0.267622 0.353316 0.058300 0.117699
4 0.972003 0.400747 0.055994 0.093105
3 0.189559 0.434124 0.072134 0.149319
3 0.312088 0.298858 0.042490 0.089592
3 0.356061 0.292710 0.051383 0.101888
3 0.404480 0.292710 0.055336 0.094862
3 0.447958 0.329600 0.061265 0.087835
3 0.517128 0.329600 0.073123 0.084321
3 0.551219 0.220685 0.044466 0.070268
3 0.613966 0.220685 0.053360 0.070268
3 0.665349 0.240887 0.053360 0.110672
3 0.829381 0.321695 0.077075 0.135266
3 0.862978 0.280413 0.053360 0.108915
3 0.902503 0.356829 0.073123 0.131752
3 0.965744 0.259332 0.043478 0.077295
3 0.976120 0.290953 0.044466 0.084321
3 0.522563 0.448177 0.074111 0.180940
3 0.448946 0.443786 0.075099 0.165130