1 0.219479 0.602423 0.109053 0.213992
0 0.344479 0.421353 0.099794 0.166438
0 0.426269 0.415866 0.094650 0.195702
0 0.451989 0.298811 0.080247 0.162780
0 0.808470 0.536580 0.126543 0.235940
3 0.533265 0.322588 0.109053 0.170096
3 0.273491 0.244856 0.089506 0.109739
3 0.332133 0.222908 0.079218 0.142661
3 0.351166 0.147005 0.067901 0.148148
3 0.398491 0.181756 0.076132 0.118884
3 0.615569 0.167124 0.069959 0.133516
3 0.733882 0.193644 0.069959 0.142661
3 0.880487 0.278692 0.083333 0.122542
3 0.952503 0.321674 0.091564 0.142661
3 0.931241 0.609739 0.137517 0.235940
1 0.629973 0.343621 0.123457 0.149977
7 0.957990 0.208276 0.084019 0.168267