9 0.073108 0.856057 0.139633 0.243222
0 0.270092 0.352437 0.057312 0.105402
0 0.405468 0.422705 0.059289 0.144049
0 0.463768 0.419192 0.059289 0.158103
0 0.524539 0.431489 0.068182 0.158103
0 0.601120 0.440272 0.075099 0.193237
0 0.855072 0.240887 0.029644 0.068511
0 0.747365 0.209267 0.063241 0.110672
0 0.424736 0.224199 0.046443 0.056214
0 0.521080 0.267238 0.043478 0.100132
0 0.572464 0.283048 0.061265 0.114185
5 0.783926 0.489460 0.090909 0.210804
3 0.832345 0.321695 0.075099 0.135266
3 0.902503 0.342776 0.075099 0.114185
3 0.981884 0.377031 0.036232 0.101888
3 0.976943 0.305885 0.046113 0.072025
3 0.973650 0.254941 0.049407 0.079051
3 0.549736 0.215415 0.039526 0.063241
3 0.616436 0.215415 0.048419 0.080808
3 0.674242 0.235617 0.051383 0.110672
3 0.636199 0.298858 0.076087 0.121212
3 0.192523 0.430610 0.082016 0.124726
3 0.321476 0.291831 0.049407 0.096618
3 0.353590 0.287440 0.054348 0.098375
3 0.393610 0.285683 0.049407 0.094862
3 0.442029 0.331357 0.041502 0.087835
3 0.518116 0.328722 0.075099 0.107159