9 0.270161 0.607527 0.166667 0.336918
0 0.747801 0.205822 0.069648 0.134680
3 0.667843 0.227188 0.046203 0.091099
3 0.613449 0.205533 0.055024 0.062724
3 0.544145 0.215614 0.048303 0.044056
0 0.603579 0.442615 0.073925 0.185932
0 0.529444 0.433281 0.068464 0.164277
0 0.500252 0.435148 0.000000 0.000747
3 0.459299 0.428801 0.065944 0.150836
0 0.397975 0.422080 0.048303 0.156810
0 0.518313 0.311940 0.065524 0.088859
3 0.445859 0.324261 0.064264 0.077658
5 0.515163 0.532594 0.001260 0.004480
3 0.626260 0.282071 0.056284 0.096326
5 0.564936 0.271617 0.042843 0.097820
7 0.521253 0.244736 0.038642 0.038082
7 0.539735 0.210387 0.055444 0.042563
0 0.417507 0.230921 0.039483 0.073178
3 0.321111 0.288792 0.052503 0.094833
3 0.399026 0.292899 0.052923 0.091099
3 0.367103 0.267510 0.026042 0.095579
3 0.274068 0.360850 0.070985 0.112007
0 0.178721 0.423574 0.064264 0.144863
6 0.823253 0.483274 0.111559 0.207885
3 0.975134 0.386499 0.047043 0.114695
3 0.909946 0.355436 0.061828 0.143369
3 0.827285 0.314815 0.060484 0.143369
3 0.972446 0.257467 0.055108 0.090800
7 0.860215 0.250299 0.034946 0.057348