9 0.339262 0.598375 0.164032 0.319719
3 0.186100 0.427975 0.063241 0.133509
3 0.311100 0.295345 0.036561 0.089592
3 0.356061 0.298858 0.047431 0.110672
3 0.395092 0.311155 0.056324 0.082565
3 0.446476 0.435002 0.072134 0.175670
3 0.513175 0.433245 0.057312 0.144049
3 0.898551 0.354194 0.065217 0.133509
3 0.666337 0.241765 0.049407 0.105402
0 0.547760 0.221563 0.033597 0.068511
0 0.604084 0.445542 0.088933 0.193237
0 0.400527 0.420070 0.055336 0.180940
0 0.743906 0.203118 0.068182 0.119455
3 0.970685 0.247914 0.055336 0.100132
5 0.970520 0.375274 0.058959 0.119455
5 0.971509 0.290953 0.056982 0.063241
0 0.410408 0.232104 0.049407 0.061484
0 0.521080 0.254941 0.049407 0.064998
6 0.571970 0.272508 0.046443 0.124726
6 0.620389 0.297980 0.072134 0.105402
3 0.609519 0.222442 0.044466 0.073781
3 0.447464 0.332235 0.064229 0.082565
3 0.518610 0.332235 0.078063 0.103645
0 0.269598 0.357708 0.058300 0.112429
6 0.730072 0.475406 0.129447 0.214317
4 0.829381 0.338384 0.077075 0.105402
3 0.851614 0.280413 0.080040 0.105402