9 0.363966 0.770531 0.241107 0.446201
1 0.377768 0.164342 0.076699 0.119623
1 0.947283 0.213697 0.062582 0.124642
1 0.881407 0.202404 0.048466 0.058557
3 0.939990 0.383092 0.063994 0.162285
3 0.443566 0.105367 0.055524 0.083652
0 0.500267 0.097838 0.050348 0.095364
0 0.678838 0.129208 0.047995 0.087835
0 0.740950 0.152212 0.057406 0.118786
0 0.587553 0.151794 0.045172 0.126315
0 0.625667 0.187346 0.068699 0.138863
0 0.687927 0.226685 0.059587 0.145510
0 0.495561 0.218716 0.055995 0.109584
0 0.560732 0.232100 0.071523 0.086162
0 0.529205 0.393967 0.093168 0.260995
0 0.387885 0.351723 0.103520 0.201602
0 0.897406 0.136318 0.039996 0.083652
0 0.876702 0.316171 0.058818 0.205785
0 0.829883 0.409046 0.082816 0.143925
0 0.786713 0.610734 0.139860 0.259451