9 0.296772 0.586957 0.166008 0.321476
0 0.185112 0.419192 0.079051 0.144049
0 0.262187 0.359464 0.083004 0.144049
0 0.311100 0.284805 0.046443 0.103645
0 0.351120 0.289196 0.053360 0.112429
0 0.398551 0.293588 0.057312 0.114185
0 0.423254 0.241765 0.051383 0.091348
0 0.402009 0.415679 0.062253 0.168643
0 0.459816 0.416557 0.069170 0.170400
0 0.522563 0.434124 0.082016 0.170400
0 0.610507 0.445542 0.095850 0.207290
0 0.447464 0.336627 0.072134 0.126482
0 0.515151 0.337505 0.084980 0.152833
0 0.518610 0.276021 0.054348 0.114185
0 0.565053 0.283926 0.056324 0.126482
0 0.621871 0.294466 0.077075 0.126482
3 0.553689 0.220685 0.055336 0.098375
3 0.609519 0.229469 0.070158 0.105402
3 0.669302 0.230347 0.061265 0.117699
0 0.745883 0.208388 0.060277 0.115942
0 0.808136 0.474528 0.107708 0.212560
0 0.968050 0.250549 0.063900 0.094862
3 0.824934 0.318182 0.080040 0.152833
3 0.901515 0.348046 0.067194 0.145806
3 0.972991 0.388450 0.054018 0.110672
3 0.973485 0.319939 0.053030 0.103645
3 0.856061 0.270751 0.059289 0.117699