9 0.048190 0.799640 0.096380 0.290864
0 0.272563 0.349802 0.068182 0.114185
0 0.406950 0.420949 0.054348 0.133509
0 0.462286 0.422705 0.048419 0.165130
0 0.522727 0.427024 0.062582 0.163958
0 0.600132 0.439321 0.081686 0.174499
0 0.631588 0.291273 0.058053 0.120773
0 0.567358 0.280843 0.055583 0.099912
0 0.517951 0.256688 0.040761 0.071366
0 0.746459 0.209477 0.065464 0.115283
0 0.854084 0.228590 0.031621 0.072025
5 0.797760 0.471893 0.081028 0.217830
3 0.830863 0.307642 0.056324 0.121212
3 0.906456 0.351559 0.061265 0.124726
3 0.978096 0.386693 0.032609 0.103645
3 0.972661 0.244401 0.051383 0.061484
3 0.973485 0.306763 0.053030 0.052701
3 0.189065 0.419192 0.073123 0.115942
3 0.312088 0.282170 0.040514 0.080808
3 0.355072 0.284805 0.041502 0.082565
3 0.398057 0.289196 0.042490 0.070268
3 0.416337 0.225955 0.041502 0.038647
3 0.447299 0.321036 0.060606 0.050359
3 0.517787 0.316352 0.069829 0.078466
3 0.549546 0.208762 0.032245 0.060098
3 0.615075 0.224017 0.052007 0.073966
3 0.667863 0.232339 0.036925 0.094307