9 0.106958 0.888654 0.114245 0.203103
5 0.781456 0.482433 0.091897 0.207290
3 0.192523 0.419192 0.076087 0.129996
3 0.312582 0.291831 0.043478 0.107159
3 0.354084 0.283048 0.047431 0.089592
3 0.402009 0.284805 0.048419 0.093105
3 0.525033 0.329600 0.077075 0.105402
3 0.446970 0.337505 0.051383 0.079051
3 0.831851 0.318182 0.060277 0.145806
3 0.903985 0.344532 0.074111 0.121212
3 0.980402 0.392841 0.039196 0.112429
3 0.977437 0.316425 0.045125 0.068511
3 0.969038 0.246157 0.061924 0.064998
3 0.860013 0.247914 0.043478 0.072025
3 0.670784 0.235617 0.052372 0.100132
3 0.613966 0.210145 0.053360 0.063241
3 0.550231 0.213658 0.042490 0.049188
3 0.630764 0.298858 0.075099 0.107159
0 0.274045 0.355072 0.065217 0.117699
0 0.413373 0.227712 0.031621 0.049188
0 0.521080 0.254062 0.033597 0.073781
0 0.568511 0.290953 0.057312 0.105402
0 0.399539 0.417435 0.067194 0.151076
0 0.461792 0.419192 0.071146 0.158103
0 0.521574 0.431489 0.072134 0.154589
0 0.597661 0.437637 0.085968 0.170400
0 0.750329 0.210145 0.077075 0.122969