9 0.277428 0.596812 0.163390 0.294952
0 0.189222 0.427307 0.076865 0.144116
0 0.261887 0.356369 0.083585 0.127688
3 0.320691 0.290659 0.060904 0.120221
0 0.363113 0.269004 0.037382 0.097820
0 0.397135 0.283938 0.048303 0.081392
0 0.413726 0.222334 0.055444 0.052270
0 0.445228 0.312313 0.056284 0.063471
0 0.400496 0.411626 0.066784 0.162037
0 0.456779 0.423947 0.070144 0.168757
0 0.524404 0.440375 0.085265 0.186679
0 0.604839 0.459416 0.099126 0.230735
0 0.627730 0.291032 0.065944 0.128435
0 0.570607 0.279085 0.051663 0.110514
0 0.554015 0.202920 0.042843 0.070191
0 0.516423 0.310447 0.061744 0.089606
7 0.519783 0.248096 0.044943 0.047043
3 0.613659 0.212254 0.052083 0.072431
3 0.670783 0.231668 0.057124 0.103793
0 0.758359 0.198066 0.094506 0.141129
0 0.858325 0.232788 0.054183 0.073178
0 0.831443 0.313060 0.071825 0.130675
3 0.966020 0.242496 0.067960 0.074671
3 0.900958 0.347409 0.072245 0.153076
3 0.969212 0.371304 0.059224 0.097820
7 0.975680 0.298499 0.048639 0.055257
9 0.820523 0.476964 0.114667 0.207587