9 0.080160 0.873609 0.117066 0.208118
3 0.186594 0.430610 0.072134 0.128239
3 0.320982 0.289196 0.052372 0.094862
3 0.356061 0.284805 0.051383 0.086078
3 0.394104 0.283926 0.042490 0.077295
3 0.442029 0.327844 0.049407 0.066755
3 0.515151 0.324330 0.069170 0.087835
3 0.608037 0.225955 0.053360 0.084321
3 0.551713 0.218050 0.039526 0.057971
3 0.669302 0.240009 0.049407 0.094862
3 0.636199 0.301493 0.066206 0.105402
3 0.833333 0.319939 0.069170 0.135266
3 0.907938 0.347167 0.064229 0.112429
3 0.978920 0.374396 0.042160 0.082565
3 0.974473 0.311155 0.051054 0.068511
3 0.972661 0.248792 0.051383 0.070268
0 0.273551 0.351559 0.072134 0.103645
0 0.402997 0.424462 0.052372 0.147563
0 0.461298 0.420949 0.066206 0.154589
0 0.519104 0.430610 0.073123 0.152833
0 0.600132 0.445542 0.088933 0.175670
0 0.414855 0.223320 0.036561 0.047431
0 0.529480 0.265481 0.052372 0.079051
0 0.565053 0.283048 0.054348 0.100132
0 0.750823 0.205753 0.062253 0.107159
0 0.859025 0.242644 0.045455 0.061484
5 0.778985 0.485946 0.079051 0.193237