9 0.058063 0.834744 0.116126 0.310923
0 0.265151 0.349802 0.059289 0.100132
0 0.406456 0.416557 0.061265 0.152833
0 0.460310 0.418314 0.052372 0.156346
0 0.523057 0.429732 0.077075 0.161616
0 0.600626 0.440272 0.068182 0.186210
0 0.856061 0.232982 0.045455 0.059728
0 0.751812 0.203996 0.058300 0.100132
0 0.520586 0.253184 0.028656 0.061484
0 0.551713 0.211023 0.035573 0.043917
5 0.564559 0.285683 0.057312 0.094862
5 0.774539 0.481555 0.085968 0.187967
3 0.195982 0.427097 0.083004 0.131752
3 0.317029 0.289196 0.044466 0.108915
3 0.405962 0.294466 0.052372 0.084321
3 0.642128 0.289196 0.068182 0.108915
3 0.611001 0.211023 0.047431 0.068511
3 0.666337 0.222442 0.043478 0.066755
3 0.835804 0.311155 0.062253 0.131752
3 0.909420 0.345411 0.065217 0.122969
3 0.970685 0.235617 0.047431 0.068511
3 0.982872 0.383180 0.034256 0.096618
3 0.975461 0.308520 0.049078 0.073781
3 0.520092 0.320817 0.079051 0.087835
3 0.443511 0.319939 0.052372 0.075538
3 0.414361 0.221563 0.037549 0.043917
5 0.359025 0.287440 0.041502 0.112429