9 0.281586 0.594385 0.181452 0.291517
0 0.752016 0.213262 0.060484 0.179211
0 0.603345 0.447033 0.077658 0.209744
0 0.526434 0.431103 0.068698 0.167264
3 0.459603 0.434422 0.063471 0.155317
0 0.397625 0.427784 0.054510 0.163282
0 0.191159 0.413182 0.080645 0.144697
3 0.275164 0.363401 0.067951 0.127439
7 0.519962 0.239612 0.038331 0.054870
7 0.547093 0.214390 0.031860 0.045135
7 0.489347 0.274570 0.000000 0.009735
0 0.515233 0.311739 0.067702 0.076995
0 0.447531 0.316164 0.060733 0.073455
0 0.422640 0.235187 0.058742 0.067260
3 0.668309 0.226337 0.058244 0.102659
3 0.609817 0.208195 0.048785 0.061065
2 0.829351 0.313509 0.067702 0.131864
9 0.880874 0.591840 0.000498 0.000000
9 0.827111 0.530333 0.001493 0.002655
9 0.810434 0.482101 0.102549 0.201779
3 0.900040 0.347582 0.060733 0.129209
3 0.970679 0.382097 0.058642 0.095579
7 0.967991 0.244480 0.057248 0.075225
3 0.976155 0.303332 0.047690 0.061950
7 0.864944 0.261295 0.043309 0.085845
3 0.620520 0.295810 0.080645 0.098234
3 0.318847 0.283862 0.042812 0.097349
3 0.398497 0.288730 0.045798 0.089384
7 0.374353 0.247577 0.052270 0.049560
0 0.562394 0.267717 0.042445 0.072313