9 0.351559 0.776802 0.258235 0.438003
0 0.384075 0.341747 0.113896 0.186765
0 0.530476 0.399995 0.097774 0.260731
0 0.497712 0.238194 0.062409 0.144234
0 0.559081 0.254837 0.080092 0.134988
0 0.590025 0.148048 0.043166 0.121120
0 0.630331 0.192428 0.055128 0.158103
0 0.502132 0.120773 0.058768 0.105402
1 0.375754 0.162841 0.080612 0.117421
4 0.442584 0.107367 0.064489 0.097081
1 0.884821 0.202136 0.046807 0.061022
1 0.941769 0.206759 0.052528 0.109100
0 0.735559 0.155445 0.058248 0.104477
1 0.944889 0.386127 0.073331 0.144234
0 0.680171 0.117075 0.048367 0.086910
0 0.685632 0.226637 0.089453 0.161801
0 0.876240 0.308000 0.077491 0.171047
0 0.840094 0.418487 0.102975 0.175670
0 0.793548 0.607101 0.118057 0.299563
0 0.894104 0.139877 0.046443 0.091348