9 0.284914 0.777229 0.201581 0.445542
1 0.369401 0.213658 0.026680 0.063241
1 0.428689 0.160079 0.034585 0.061484
1 0.599144 0.147782 0.039526 0.054458
1 0.641634 0.148661 0.037549 0.052701
1 0.678689 0.153052 0.032609 0.072025
1 0.807148 0.159201 0.040514 0.073781
1 0.865942 0.173254 0.035573 0.084321
1 0.805665 0.218050 0.053360 0.057971
4 0.455369 0.183794 0.048419 0.045674
4 0.487484 0.352437 0.084980 0.105402
0 0.558630 0.174133 0.045455 0.082565
0 0.709816 0.582565 0.098814 0.224857
3 0.615942 0.261089 0.067194 0.101888
3 0.205863 0.455204 0.061265 0.107159
3 0.237484 0.354194 0.039526 0.084321
3 0.278985 0.350681 0.051383 0.084321
3 0.350132 0.277778 0.063241 0.079051
3 0.406456 0.217172 0.053360 0.091348
3 0.381752 0.457839 0.075099 0.154589
3 0.465744 0.502635 0.088933 0.142292
3 0.421772 0.336627 0.052372 0.105402
3 0.557642 0.254941 0.037549 0.096618
3 0.602108 0.198726 0.041502 0.072025
3 0.655962 0.214537 0.062253 0.079051
3 0.861495 0.230347 0.044466 0.089592
3 0.809618 0.283926 0.069170 0.137022
3 0.877800 0.462231 0.075099 0.194993
3 0.790349 0.441151 0.085968 0.152833
3 0.828393 0.644049 0.118577 0.224857
2 0.309124 0.257576 0.036561 0.087835
1 0.499341 0.254062 0.073123 0.091348
2 0.329875 0.427975 0.044466 0.165130
1 0.875329 0.316425 0.052372 0.089592
4 0.166337 0.439394 0.039526 0.107159