1 0.221536 0.598765 0.104938 0.195702
3 0.347565 0.402149 0.073045 0.186557
0 0.425240 0.391175 0.100823 0.215821
0 0.465878 0.286923 0.066872 0.182899
0 0.808985 0.536580 0.084362 0.192044
3 0.939129 0.594193 0.116255 0.204847
3 0.274005 0.250343 0.069959 0.109739
3 0.323388 0.232053 0.072016 0.139003
3 0.350137 0.143347 0.049383 0.129858
3 0.407750 0.174440 0.098765 0.118884
3 0.614540 0.163466 0.084362 0.118884
3 0.719479 0.191815 0.051440 0.146319
3 0.877915 0.283265 0.084362 0.124371
3 0.948903 0.304298 0.098765 0.122542
3 0.533779 0.310700 0.085391 0.135345
1 0.623800 0.347279 0.115226 0.149977
7 0.961591 0.251257 0.076818 0.144490