9 0.337286 0.583443 0.164032 0.303909
6 0.736495 0.487703 0.118577 0.245938
0 0.606061 0.451691 0.088933 0.198507
0 0.521574 0.431489 0.066206 0.168643
0 0.399539 0.420070 0.049407 0.163373
0 0.519598 0.257576 0.044466 0.063241
0 0.571476 0.273386 0.051383 0.126482
0 0.623353 0.296223 0.076087 0.108915
0 0.746871 0.207510 0.062253 0.103645
4 0.968709 0.398112 0.059289 0.094862
3 0.191535 0.433245 0.072134 0.140536
3 0.266634 0.364734 0.056324 0.101888
3 0.313570 0.294466 0.041502 0.098375
3 0.353590 0.294466 0.054348 0.105402
3 0.402503 0.292710 0.057312 0.098375
3 0.416831 0.235617 0.038538 0.050944
3 0.449934 0.331357 0.065217 0.073781
3 0.518610 0.324330 0.078063 0.087835
3 0.449440 0.438516 0.076087 0.168643
3 0.548748 0.210145 0.033597 0.049188
3 0.609519 0.218928 0.046443 0.052701
3 0.668808 0.243522 0.046443 0.108915
3 0.831851 0.324330 0.070158 0.137022
3 0.864460 0.284805 0.052372 0.107159
3 0.902997 0.357708 0.074111 0.140536
3 0.964592 0.250549 0.070816 0.084321
3 0.982872 0.302372 0.034256 0.096618