6 0.886199 0.275143 0.080040 0.101888
6 0.957839 0.308520 0.061265 0.105402
3 0.336298 0.243522 0.063241 0.091348
3 0.405468 0.175889 0.063241 0.061484
3 0.530468 0.300615 0.064229 0.128239
3 0.610013 0.162714 0.065217 0.098375
3 0.724638 0.177646 0.063241 0.110672
3 0.933630 0.559728 0.127470 0.207290
3 0.963274 0.225955 0.052372 0.084321
1 0.360013 0.161836 0.067194 0.086078
0 0.230072 0.572903 0.107708 0.187967
0 0.446970 0.416557 0.086957 0.177426
0 0.355567 0.400747 0.076087 0.152833
0 0.611495 0.326087 0.080040 0.161616
0 0.819993 0.489460 0.117589 0.186210
0 0.281950 0.239130 0.065217 0.089592
9 0.703393 0.949385 0.135375 0.101230
3 0.479578 0.280413 0.047431 0.161616