9 0.327688 0.601912 0.174194 0.328793
9 0.818280 0.473357 0.105914 0.224612
0 0.181720 0.407885 0.080108 0.162485
0 0.270430 0.347670 0.066129 0.131900
0 0.404032 0.277419 0.039785 0.090800
0 0.403226 0.409797 0.046774 0.145281
0 0.454570 0.318041 0.048387 0.084110
0 0.455914 0.428435 0.063978 0.127121
0 0.523118 0.432258 0.057527 0.146237
0 0.619086 0.449940 0.095699 0.202628
0 0.746774 0.204779 0.060753 0.136679
0 0.822581 0.300358 0.045699 0.104182
3 0.973925 0.250657 0.052150 0.085066
3 0.902957 0.353405 0.070430 0.154839
3 0.973925 0.377778 0.052150 0.100358
3 0.671237 0.227240 0.047849 0.089845
3 0.608065 0.200956 0.043011 0.071685
3 0.318280 0.264516 0.047312 0.097491
3 0.358065 0.284110 0.044086 0.108005
7 0.418280 0.222461 0.025806 0.049701
3 0.520430 0.317563 0.065591 0.104182
7 0.549194 0.200000 0.026344 0.050657
6 0.527419 0.250657 0.031183 0.037276
6 0.566935 0.243967 0.052151 0.069773
6 0.618280 0.290323 0.084946 0.128076
7 0.856989 0.240621 0.036559 0.061171
7 0.977688 0.298925 0.044624 0.047790