9 0.296772 0.596618 0.166008 0.323232
0 0.188570 0.420070 0.072134 0.152833
0 0.269104 0.350681 0.067194 0.112429
0 0.309124 0.290953 0.050395 0.105402
0 0.352108 0.288318 0.051383 0.110672
0 0.398551 0.291831 0.065217 0.103645
0 0.423254 0.246157 0.063241 0.093105
0 0.402009 0.415679 0.064229 0.151076
0 0.460804 0.417435 0.067194 0.175670
0 0.528491 0.431489 0.072134 0.168643
0 0.606555 0.445542 0.095850 0.196750
0 0.444005 0.341019 0.069170 0.128239
0 0.517128 0.341019 0.090909 0.149319
0 0.518116 0.275143 0.059289 0.115942
0 0.567029 0.283926 0.050395 0.112429
0 0.622365 0.298858 0.076087 0.124726
3 0.552207 0.224199 0.056324 0.091348
3 0.607049 0.225955 0.065217 0.094862
3 0.664855 0.239130 0.056324 0.117699
0 0.745883 0.208388 0.064229 0.112429
0 0.809618 0.476285 0.100791 0.216074
0 0.965250 0.259332 0.066206 0.112429
0 0.974967 0.318182 0.050066 0.100132
3 0.828393 0.318182 0.077075 0.149319
3 0.901515 0.352437 0.071146 0.137022
3 0.975461 0.390206 0.049078 0.121212
3 0.858531 0.275143 0.062253 0.122969