9 0.291859 0.586846 0.167051 0.279911
0 0.178763 0.405496 0.089247 0.153883
0 0.405108 0.267861 0.050538 0.079331
0 0.572715 0.261171 0.044892 0.098447
0 0.395430 0.408841 0.063441 0.131900
0 0.444086 0.305137 0.038172 0.071685
0 0.452688 0.416010 0.061828 0.121386
0 0.530645 0.428913 0.073656 0.152927
0 0.614785 0.460932 0.093548 0.201673
0 0.748118 0.224373 0.069892 0.160573
0 0.832796 0.302270 0.051075 0.140502
0 0.859677 0.236798 0.036022 0.061171
3 0.966398 0.257826 0.055376 0.086022
3 0.901344 0.343847 0.069355 0.149104
0 0.972043 0.374910 0.055914 0.083154
7 0.979570 0.301792 0.040860 0.045878
9 0.815323 0.463799 0.103763 0.199761
3 0.665860 0.223895 0.061828 0.098447
3 0.510484 0.311350 0.063978 0.108961
3 0.611290 0.208602 0.050538 0.075508
3 0.547312 0.200956 0.027957 0.041099
0 0.518280 0.262605 0.039785 0.078375
6 0.623118 0.303704 0.059140 0.076464
0 0.412097 0.224851 0.031720 0.035364
3 0.361828 0.276941 0.027957 0.097491
3 0.321505 0.277897 0.050538 0.089845
3 0.264516 0.351971 0.073118 0.100358