0 0.224638 0.556214 0.104743 0.210804
0 0.360507 0.396355 0.078063 0.161616
0 0.441535 0.421827 0.087945 0.166886
0 0.342227 0.222442 0.063241 0.115942
0 0.470685 0.272508 0.059289 0.135266
0 0.528985 0.297101 0.073123 0.156346
0 0.608531 0.319060 0.078063 0.161616
0 0.814065 0.489460 0.127470 0.200264
1 0.358037 0.163592 0.051383 0.079051
9 0.520586 0.939723 0.153162 0.120553
3 0.283926 0.236495 0.059289 0.080808
3 0.408926 0.178524 0.062253 0.070268
3 0.606061 0.160079 0.057312 0.093105
3 0.717721 0.178524 0.071146 0.112429
6 0.880270 0.269873 0.078063 0.119455
6 0.954875 0.310277 0.079051 0.119455
3 0.961298 0.226834 0.056324 0.057971
3 0.936430 0.579051 0.127140 0.256478