9 0.191584 0.871102 0.108604 0.208118
5 0.773551 0.479798 0.083992 0.198507
0 0.272563 0.351559 0.066206 0.107159
0 0.400527 0.423584 0.061265 0.152833
0 0.460804 0.421827 0.059289 0.159859
0 0.520092 0.436759 0.067194 0.172156
0 0.606555 0.442907 0.085968 0.170400
0 0.522563 0.251427 0.028656 0.057971
0 0.567523 0.285683 0.063241 0.094862
3 0.195982 0.423584 0.075099 0.117699
3 0.318511 0.287440 0.049407 0.105402
3 0.359519 0.276899 0.048419 0.084321
3 0.392622 0.283048 0.057312 0.079051
3 0.415349 0.223320 0.039526 0.043917
3 0.446970 0.316425 0.051383 0.093105
3 0.510211 0.315547 0.063241 0.091348
3 0.549736 0.209267 0.039526 0.057971
3 0.613966 0.218928 0.057312 0.066755
3 0.661891 0.236495 0.058300 0.101888
3 0.629776 0.299736 0.077075 0.137022
3 0.836298 0.320817 0.071146 0.151076
3 0.905962 0.355951 0.070158 0.129996
3 0.979414 0.388450 0.041172 0.082565
3 0.976449 0.315547 0.047101 0.077295
3 0.975461 0.255819 0.049078 0.077295
3 0.856555 0.260211 0.032609 0.075538
0 0.749835 0.203118 0.064229 0.112429