9 0.337780 0.589592 0.165020 0.302152
6 0.732543 0.484190 0.118577 0.238911
0 0.401515 0.421827 0.055336 0.166886
0 0.519104 0.440272 0.067194 0.168643
0 0.517128 0.257576 0.047431 0.070268
0 0.571476 0.280413 0.035573 0.140536
0 0.622365 0.303250 0.080040 0.122969
0 0.745883 0.212780 0.064229 0.121212
4 0.971509 0.397233 0.056982 0.096618
3 0.190053 0.433245 0.069170 0.144049
3 0.265646 0.366491 0.060277 0.101888
3 0.312582 0.291831 0.043478 0.082565
3 0.358037 0.290953 0.043478 0.098375
3 0.400033 0.292710 0.058300 0.094862
3 0.419302 0.238252 0.035573 0.070268
3 0.449934 0.329600 0.063241 0.080808
3 0.519598 0.320817 0.068182 0.073781
3 0.446476 0.437637 0.070158 0.180940
3 0.608531 0.453448 0.097826 0.180940
3 0.663373 0.245279 0.047431 0.115942
3 0.613472 0.222442 0.056324 0.066755
3 0.547760 0.221563 0.039526 0.072025
3 0.832345 0.324330 0.073123 0.133509
3 0.861989 0.281291 0.051383 0.103645
3 0.898057 0.356829 0.066206 0.135266
3 0.970026 0.249671 0.059947 0.064998
3 0.979908 0.297980 0.040184 0.098375