1 0.223080 0.596022 0.163580 0.193873
0 0.350652 0.440558 0.079218 0.212163
0 0.427298 0.417695 0.100823 0.224966
0 0.455075 0.305213 0.067901 0.208505
0 0.810014 0.540238 0.119342 0.232282
3 0.534808 0.316187 0.108025 0.157293
3 0.278635 0.238455 0.054527 0.115226
3 0.330075 0.226566 0.077160 0.149977
3 0.357339 0.156150 0.039095 0.148148
4 0.407236 0.173525 0.083333 0.106081
3 0.617627 0.153406 0.074074 0.135345
3 0.718964 0.193644 0.108025 0.153635
6 0.893347 0.288752 0.072016 0.113397
6 0.956104 0.294239 0.080247 0.153635
1 0.627915 0.342707 0.098765 0.166438
3 0.945130 0.606081 0.109739 0.305441
7 0.955075 0.233882 0.080247 0.149977