9 0.293808 0.591348 0.167984 0.326746
1 0.191041 0.426219 0.081028 0.140536
1 0.275033 0.355951 0.065217 0.108915
1 0.310606 0.290953 0.059289 0.112429
1 0.350132 0.290953 0.051383 0.101888
0 0.395092 0.292710 0.058300 0.101888
0 0.415843 0.240009 0.058300 0.087835
0 0.397563 0.413043 0.075099 0.152833
0 0.460310 0.413922 0.072134 0.168643
0 0.524539 0.427975 0.076087 0.161616
0 0.607049 0.449056 0.092885 0.196750
1 0.444005 0.338384 0.071146 0.115942
0 0.517128 0.338384 0.086957 0.147563
0 0.520092 0.276021 0.051383 0.121212
0 0.566041 0.282170 0.060277 0.122969
0 0.622365 0.294466 0.078063 0.133509
3 0.548748 0.224199 0.061265 0.105402
0 0.607049 0.223320 0.071146 0.103645
0 0.748353 0.208388 0.063241 0.115942
3 0.669302 0.232982 0.059289 0.122969
0 0.810606 0.481555 0.102767 0.230127
0 0.827899 0.321695 0.072134 0.152833
0 0.971673 0.310277 0.055336 0.105402
1 0.968544 0.259332 0.062912 0.108915
3 0.976449 0.383180 0.047101 0.114185
3 0.901515 0.352437 0.067194 0.129996
3 0.855072 0.274264 0.065217 0.121212