9 0.336792 0.586078 0.159091 0.288098
3 0.188076 0.431489 0.067194 0.147563
3 0.266634 0.361221 0.064229 0.119455
3 0.314559 0.293588 0.045455 0.089592
3 0.354578 0.295345 0.050395 0.103645
3 0.404480 0.293588 0.061265 0.100132
3 0.449934 0.332235 0.065217 0.068511
3 0.517622 0.320817 0.072134 0.080808
3 0.446970 0.442029 0.075099 0.154589
3 0.513175 0.436759 0.081028 0.161616
3 0.613966 0.219807 0.057312 0.068511
3 0.666831 0.243522 0.048419 0.108915
3 0.828887 0.322574 0.070158 0.126482
3 0.902997 0.355072 0.068182 0.128239
3 0.863966 0.282170 0.043478 0.094862
3 0.965744 0.254062 0.065217 0.091348
3 0.972991 0.300615 0.054018 0.047431
5 0.416337 0.234739 0.045455 0.056214
5 0.970520 0.382301 0.058959 0.126482
0 0.605072 0.454326 0.086957 0.207290
0 0.404480 0.427975 0.061265 0.168643
0 0.746871 0.206632 0.062253 0.105402
0 0.522068 0.254941 0.043478 0.061484
3 0.552207 0.217172 0.018775 0.063241
6 0.728096 0.492095 0.105731 0.237154
6 0.626812 0.308520 0.083004 0.098375
6 0.570982 0.276021 0.036561 0.124726