9 0.563570 0.942358 0.130435 0.115283
1 0.354578 0.158322 0.046443 0.089592
3 0.277997 0.241765 0.061265 0.084321
3 0.604084 0.160957 0.065217 0.091348
3 0.724144 0.175889 0.062253 0.107159
3 0.884223 0.277778 0.076087 0.128239
3 0.965580 0.317303 0.068840 0.115942
3 0.960804 0.227712 0.051383 0.077295
0 0.225626 0.567633 0.114625 0.170400
0 0.339756 0.225077 0.056324 0.117699
3 0.402503 0.177646 0.073123 0.068511
0 0.360013 0.401625 0.079051 0.172156
0 0.441041 0.411287 0.096838 0.180940
0 0.468215 0.276021 0.068182 0.149319
6 0.530962 0.299736 0.081028 0.151076
0 0.609025 0.318182 0.075099 0.156346
0 0.815547 0.506148 0.118577 0.237154
3 0.931983 0.576416 0.136034 0.237154