9 0.376812 0.768445 0.274704 0.463109
3 0.942523 0.210145 0.044466 0.112429
3 0.942523 0.389328 0.064229 0.151076
1 0.439065 0.111770 0.059289 0.091348
1 0.670784 0.127580 0.040514 0.070268
1 0.733531 0.157444 0.051383 0.091348
1 0.889231 0.203872 0.041269 0.070268
0 0.378458 0.157481 0.064229 0.103645
0 0.394516 0.343691 0.102273 0.170400
0 0.498024 0.233019 0.052372 0.117699
0 0.546937 0.244437 0.059289 0.094862
0 0.533597 0.385412 0.068182 0.227492
0 0.500988 0.118394 0.045455 0.113307
0 0.573370 0.156163 0.049901 0.101010
0 0.625741 0.181196 0.067688 0.126482
0 0.694582 0.225553 0.053854 0.148441
0 0.895422 0.136400 0.039526 0.075538
0 0.875659 0.312070 0.051383 0.166886
0 0.827734 0.406053 0.074111 0.115942
0 0.794137 0.592702 0.107708 0.276680