3 0.186100 0.422705 0.075099 0.151076
3 0.295784 0.593105 0.166008 0.316206
0 0.271574 0.354194 0.072134 0.115942
0 0.317029 0.285683 0.054348 0.101888
0 0.358037 0.283926 0.045455 0.115942
0 0.398551 0.292710 0.057312 0.101888
0 0.416337 0.226834 0.025692 0.043917
0 0.402009 0.417435 0.062253 0.151076
0 0.459321 0.421827 0.070158 0.170400
0 0.525033 0.433245 0.081028 0.186210
0 0.609025 0.448177 0.094862 0.194993
0 0.439065 0.312033 0.039526 0.066755
0 0.518116 0.315547 0.075099 0.073781
0 0.519104 0.249671 0.037549 0.057971
0 0.566535 0.281291 0.047431 0.110672
0 0.621377 0.300615 0.080040 0.135266
0 0.547760 0.207510 0.031621 0.061484
0 0.609025 0.219807 0.059289 0.093105
0 0.667325 0.243522 0.061265 0.122969
0 0.746377 0.204875 0.079051 0.137022
0 0.815053 0.484190 0.093874 0.231884
0 0.828887 0.317303 0.068182 0.144049
0 0.900033 0.354194 0.076087 0.133509
0 0.974473 0.377031 0.051054 0.108915
0 0.859519 0.249671 0.028656 0.064998
0 0.985013 0.299736 0.028656 0.052701
0 0.973650 0.236495 0.037549 0.063241