9 0.268116 0.762297 0.227273 0.475406
1 0.433630 0.159201 0.034585 0.063241
1 0.596673 0.146904 0.034585 0.056214
1 0.639163 0.146025 0.040514 0.057971
1 0.680665 0.149539 0.040514 0.072025
1 0.808136 0.159201 0.042490 0.073781
1 0.856061 0.169741 0.039526 0.073781
1 0.804183 0.212780 0.058300 0.072025
1 0.492918 0.253184 0.054348 0.079051
8 0.390151 0.245279 0.058300 0.196750
7 0.396574 0.223320 0.077075 0.082565
4 0.488472 0.353316 0.083004 0.089592
4 0.457839 0.184673 0.033597 0.043917
0 0.310606 0.256697 0.039526 0.096618
0 0.557148 0.181159 0.042490 0.093105
0 0.714756 0.583443 0.096838 0.205534
3 0.196970 0.456083 0.053360 0.101888
3 0.246377 0.352437 0.045455 0.094862
3 0.288373 0.338384 0.048419 0.112429
3 0.338768 0.276899 0.036561 0.091348
3 0.385705 0.447299 0.075099 0.151076
3 0.465744 0.493852 0.092885 0.135266
3 0.555665 0.264603 0.059289 0.087835
3 0.604578 0.191700 0.044466 0.068511
3 0.615942 0.265481 0.061265 0.121212
3 0.858037 0.227712 0.047431 0.098375
3 0.810112 0.280413 0.072134 0.140536
3 0.788373 0.429732 0.089921 0.144049
3 0.833333 0.647563 0.112648 0.214317
3 0.416337 0.329600 0.045455 0.091348
4 0.660902 0.220685 0.058300 0.105402
0 0.880270 0.450812 0.070158 0.186210
1 0.876812 0.297980 0.049407 0.101888
4 0.164361 0.439394 0.035573 0.096618