0 0.179619 0.411100 0.101010 0.130336
0 0.266170 0.353173 0.083496 0.101372
0 0.397727 0.287643 0.051727 0.093407
0 0.417889 0.229717 0.037471 0.049962
0 0.396709 0.407118 0.061909 0.126715
0 0.448029 0.307194 0.061095 0.061547
0 0.458822 0.430651 0.073721 0.157851
0 0.525619 0.428478 0.076165 0.162195
0 0.603820 0.445494 0.108749 0.190435
0 0.569200 0.268817 0.046839 0.116578
0 0.626833 0.294522 0.074943 0.115854
0 0.513807 0.256508 0.056615 0.061547
0 0.744135 0.201839 0.074943 0.117302
0 0.855531 0.253973 0.041137 0.097028
0 0.829057 0.311900 0.071277 0.127439
0 0.974299 0.385033 0.051401 0.111509
3 0.970226 0.239130 0.059547 0.077477
3 0.905629 0.350639 0.071277 0.145541
3 0.614410 0.202563 0.060688 0.063720
3 0.670821 0.227182 0.045617 0.094131
3 0.544966 0.214873 0.036657 0.053582
3 0.519917 0.307918 0.060688 0.097752
3 0.309751 0.285833 0.048469 0.094131
6 0.358627 0.289092 0.039508 0.096304
9 0.276760 0.610586 0.176360 0.320770
9 0.820503 0.475182 0.106305 0.233880
7 0.975725 0.299591 0.048550 0.055031