1 0.225652 0.587791 0.131687 0.192044
0 0.339335 0.409465 0.101852 0.179241
0 0.428841 0.434156 0.118313 0.151806
3 0.277606 0.238455 0.066872 0.104252
3 0.332647 0.231139 0.067901 0.144490
3 0.351680 0.163466 0.050412 0.100594
3 0.407750 0.189072 0.082305 0.096936
3 0.625857 0.156150 0.065844 0.118884
3 0.732853 0.179927 0.090535 0.111568
3 0.536866 0.310700 0.081276 0.149977
3 0.941015 0.583219 0.117970 0.241427
0 0.460219 0.283265 0.063786 0.149977
1 0.622256 0.338134 0.124486 0.153635
0 0.810014 0.530178 0.117284 0.193873
3 0.881001 0.283265 0.094650 0.120713
3 0.952503 0.308871 0.091564 0.117055
7 0.960219 0.230224 0.067901 0.146319