9 0.196521 0.891161 0.115656 0.208118
0 0.777997 0.478041 0.084980 0.187967
3 0.197464 0.424462 0.078063 0.119455
3 0.316535 0.289196 0.043478 0.087835
3 0.357049 0.284805 0.041502 0.082565
3 0.395586 0.285683 0.051383 0.073781
3 0.410902 0.226834 0.032609 0.047431
3 0.445982 0.327844 0.061265 0.059728
3 0.516140 0.316425 0.063241 0.086078
3 0.665349 0.240887 0.057312 0.103645
3 0.828887 0.314668 0.058300 0.138779
3 0.905962 0.353316 0.068182 0.128239
3 0.976449 0.387571 0.047101 0.098375
3 0.977437 0.316425 0.045125 0.079051
3 0.975626 0.247914 0.041502 0.068511
3 0.637187 0.297980 0.068182 0.119455
0 0.271574 0.352437 0.066206 0.108915
0 0.402009 0.413043 0.066206 0.142292
0 0.459816 0.417435 0.063241 0.161616
0 0.519598 0.429732 0.076087 0.158103
0 0.595191 0.444664 0.098814 0.194993
0 0.521574 0.247914 0.034585 0.050944
0 0.555171 0.206632 0.048419 0.049188
0 0.614460 0.209267 0.046443 0.064998
0 0.564065 0.281291 0.058300 0.093105
0 0.747859 0.194335 0.070158 0.105402
3 0.859025 0.254062 0.041502 0.087835