1 0.231824 0.598765 0.137860 0.206676
0 0.351166 0.417695 0.088477 0.210334
0 0.426783 0.433242 0.089506 0.190215
0 0.801783 0.545725 0.121399 0.287151
3 0.275034 0.243941 0.084362 0.133516
3 0.342421 0.262231 0.083333 0.133516
3 0.367627 0.155235 0.051440 0.131687
3 0.415466 0.180841 0.075103 0.109739
3 0.625343 0.169867 0.073045 0.113397
3 0.726680 0.183585 0.098765 0.129858
3 0.881001 0.280521 0.086420 0.122542
3 0.946331 0.321674 0.097737 0.171925
3 0.929870 0.610654 0.136831 0.332876
6 0.468964 0.291495 0.066872 0.170096
6 0.534294 0.318930 0.100823 0.148148
1 0.620199 0.356424 0.126543 0.153635
7 0.962106 0.243027 0.075788 0.146319