9 0.538867 0.899319 0.132411 0.201361
1 0.357543 0.167984 0.048419 0.101888
3 0.935441 0.586957 0.129117 0.254721
3 0.873353 0.274264 0.072134 0.121212
3 0.949934 0.296223 0.061265 0.133509
3 0.965744 0.226834 0.053360 0.072025
3 0.409420 0.175011 0.071146 0.063241
3 0.611001 0.166227 0.065217 0.087835
3 0.717721 0.176768 0.063241 0.101888
3 0.280962 0.248792 0.057312 0.091348
0 0.239460 0.557971 0.098814 0.214317
0 0.364954 0.406017 0.077075 0.166886
0 0.443511 0.412165 0.085968 0.165130
0 0.469697 0.275143 0.061265 0.158103
0 0.529974 0.298858 0.063241 0.145806
0 0.605567 0.322574 0.078063 0.147563
0 0.810606 0.485946 0.126482 0.207290