9 0.218215 0.754392 0.174901 0.491216
3 0.201910 0.456083 0.063241 0.101888
3 0.232049 0.346289 0.028656 0.075538
3 0.272068 0.352437 0.055336 0.073781
3 0.344203 0.271629 0.051383 0.070268
3 0.402009 0.211902 0.048419 0.080808
3 0.463274 0.494730 0.074111 0.126482
3 0.373353 0.456083 0.062253 0.112429
3 0.327899 0.427975 0.050395 0.133509
3 0.709321 0.580808 0.107708 0.179183
3 0.830369 0.644049 0.110672 0.193237
3 0.783432 0.442029 0.087945 0.158103
3 0.863966 0.238252 0.059289 0.091348
3 0.421772 0.333992 0.056324 0.086078
3 0.489954 0.250549 0.056324 0.073781
3 0.664361 0.187308 0.057312 0.094862
3 0.605072 0.199605 0.051383 0.077295
3 0.558136 0.254941 0.052372 0.089592
3 0.813076 0.279534 0.064229 0.103645
0 0.312582 0.254941 0.047431 0.100132
0 0.874835 0.442907 0.069170 0.166886
0 0.807642 0.155687 0.033597 0.059728
0 0.558136 0.174133 0.040514 0.072025
4 0.491436 0.349802 0.079051 0.089592
4 0.455863 0.188186 0.043478 0.047431
1 0.369895 0.213658 0.031621 0.063241
1 0.429183 0.158322 0.035573 0.061484
1 0.596673 0.141634 0.032609 0.052701
1 0.634717 0.138999 0.027668 0.057971
1 0.680665 0.143390 0.024704 0.063241
1 0.859025 0.161836 0.033597 0.068511
1 0.803195 0.213658 0.056324 0.063241
2 0.623353 0.252306 0.064229 0.105402
4 0.164361 0.444664 0.039526 0.079051
1 0.879282 0.314668 0.054348 0.100132