9 0.055947 0.827221 0.111894 0.325968
3 0.185708 0.422529 0.065616 0.124282
0 0.268187 0.351122 0.057644 0.110109
3 0.315100 0.291161 0.042313 0.086125
3 0.357087 0.288045 0.042985 0.088358
3 0.400072 0.296403 0.047015 0.083581
3 0.421228 0.230135 0.040970 0.048955
0 0.398393 0.417596 0.051716 0.149253
0 0.459847 0.421775 0.052388 0.169551
0 0.523317 0.434910 0.058432 0.167163
0 0.593503 0.433716 0.073880 0.164775
0 0.520295 0.249836 0.030895 0.064477
0 0.563615 0.286254 0.050373 0.106268
0 0.630779 0.291030 0.054403 0.108656
0 0.548168 0.211628 0.028880 0.052537
3 0.613876 0.223966 0.044328 0.074029
3 0.668279 0.231727 0.052388 0.091940
0 0.746188 0.211429 0.056417 0.106268
5 0.794546 0.469934 0.077910 0.229252
3 0.834509 0.321279 0.062462 0.139700
3 0.904023 0.348741 0.065820 0.132536
3 0.977086 0.377995 0.045828 0.107462
3 0.971635 0.249040 0.047015 0.074029
0 0.858464 0.250831 0.039627 0.063283
3 0.974993 0.311727 0.049701 0.051343