0 0.216392 0.570416 0.125514 0.208505
0 0.349108 0.391175 0.090535 0.223137
0 0.434499 0.428669 0.115226 0.184728
0 0.807956 0.532007 0.139918 0.274348
3 0.267318 0.233882 0.083333 0.113397
3 0.335219 0.224737 0.075103 0.146319
3 0.361968 0.147920 0.054527 0.131687
3 0.408779 0.172611 0.072016 0.096936
3 0.617627 0.156150 0.078189 0.126200
3 0.715363 0.169867 0.063786 0.124371
3 0.883573 0.290581 0.068930 0.102423
3 0.949760 0.314358 0.100480 0.149977
6 0.461248 0.275949 0.072016 0.175583
6 0.531207 0.316187 0.094650 0.131687
1 0.632030 0.332647 0.131687 0.153635
3 0.939472 0.614312 0.121056 0.299954
7 0.963134 0.232053 0.073731 0.160951