0 0.218964 0.582305 0.085391 0.224966
0 0.342421 0.403978 0.101852 0.208505
0 0.426269 0.423182 0.119342 0.192044
3 0.271948 0.254001 0.074074 0.139003
3 0.329561 0.230224 0.082305 0.135345
3 0.353738 0.166209 0.048354 0.102423
3 0.400549 0.173525 0.084362 0.087791
3 0.613512 0.157064 0.065844 0.098765
3 0.727709 0.179927 0.072016 0.118884
3 0.944616 0.595107 0.110768 0.206676
3 0.798182 0.536580 0.138889 0.246914
3 0.886660 0.296982 0.075103 0.129858
3 0.955933 0.326246 0.088134 0.140832
6 0.468450 0.275949 0.076132 0.168267
6 0.530178 0.301555 0.078189 0.153635
1 0.632030 0.349108 0.113169 0.168267
7 0.960219 0.255830 0.069959 0.179241