9 0.368906 0.774594 0.250988 0.450812
3 0.944499 0.211023 0.050395 0.107159
3 0.940053 0.378788 0.053360 0.115942
1 0.740448 0.157444 0.065217 0.094862
1 0.441535 0.109135 0.048419 0.096618
1 0.903491 0.148661 0.051383 0.080808
0 0.383893 0.157920 0.065217 0.115064
0 0.386858 0.334029 0.100791 0.170400
0 0.496047 0.234336 0.062253 0.113307
0 0.555336 0.239606 0.067194 0.090470
0 0.541255 0.392439 0.099308 0.252086
0 0.499259 0.114442 0.052866 0.119455
0 0.566453 0.152211 0.055830 0.108915
0 0.624506 0.191297 0.077075 0.137901
0 0.670455 0.135083 0.023715 0.085200
0 0.694911 0.209742 0.045949 0.143171
0 0.884799 0.207107 0.059783 0.057093
0 0.869483 0.305922 0.075593 0.165130
0 0.832922 0.426109 0.078557 0.146684
0 0.790184 0.600022 0.103755 0.288977