3 0.188570 0.421827 0.074111 0.138779
0 0.272563 0.350681 0.072134 0.129996
0 0.311594 0.285683 0.049407 0.108915
0 0.353096 0.287440 0.053360 0.112429
0 0.397068 0.292710 0.062253 0.098375
0 0.422266 0.243522 0.053360 0.087835
0 0.404480 0.420949 0.065217 0.168643
0 0.459816 0.415679 0.069170 0.179183
0 0.525033 0.430610 0.083004 0.173913
0 0.611001 0.447299 0.090909 0.193237
0 0.446476 0.339262 0.072134 0.128239
0 0.515151 0.335749 0.096838 0.149319
0 0.521080 0.278656 0.053360 0.115942
0 0.568017 0.283048 0.056324 0.117699
0 0.621377 0.295345 0.080040 0.124726
3 0.554677 0.220685 0.057312 0.098375
3 0.608531 0.231225 0.066206 0.101888
3 0.666831 0.234739 0.054348 0.108915
0 0.748353 0.203118 0.061265 0.119455
0 0.811100 0.477163 0.105731 0.231884
0 0.967721 0.257576 0.061265 0.098375
0 0.974473 0.320817 0.051054 0.094862
3 0.977437 0.381423 0.045125 0.107159
3 0.902009 0.352437 0.070158 0.137022
3 0.827404 0.319060 0.075099 0.154589
3 0.856555 0.275143 0.064229 0.119455
9 0.295290 0.584321 0.163043 0.326746