1 0.232339 0.585048 0.114198 0.208505
0 0.345508 0.419524 0.062757 0.170096
0 0.436557 0.425926 0.100823 0.175583
0 0.453532 0.277778 0.075103 0.146319
3 0.535322 0.307956 0.061728 0.140832
1 0.624314 0.328075 0.075103 0.144490
3 0.613512 0.157979 0.063786 0.100594
3 0.712791 0.179012 0.046296 0.098765
3 0.353224 0.157979 0.047325 0.111568
4 0.403121 0.168038 0.068930 0.076818
3 0.267833 0.245770 0.043210 0.100594
3 0.339849 0.230224 0.082305 0.106081
0 0.801269 0.531093 0.122428 0.221308
3 0.932956 0.582305 0.116255 0.224966
6 0.882030 0.276863 0.080247 0.115226
3 0.957647 0.301555 0.083333 0.109739
7 0.958676 0.209191 0.064815 0.111568