9 0.058768 0.834744 0.117536 0.300893
0 0.270092 0.352437 0.069170 0.108915
0 0.399539 0.421827 0.063241 0.149319
0 0.457839 0.427097 0.053360 0.159859
0 0.519104 0.435002 0.071146 0.161616
0 0.601120 0.442029 0.083004 0.189723
0 0.523057 0.254941 0.033597 0.057971
0 0.567029 0.287440 0.056324 0.080808
0 0.549242 0.215415 0.036561 0.049188
0 0.747365 0.208388 0.059289 0.108915
0 0.856555 0.232104 0.038538 0.057971
5 0.781950 0.482433 0.088933 0.210804
3 0.192029 0.422705 0.067194 0.137022
3 0.317029 0.283048 0.042490 0.103645
3 0.354578 0.283048 0.040514 0.093105
3 0.402503 0.284805 0.053360 0.086078
3 0.411891 0.217172 0.044466 0.042161
3 0.450428 0.328722 0.060277 0.068511
3 0.519598 0.322574 0.066206 0.105402
3 0.616930 0.215415 0.049407 0.073781
3 0.668314 0.236495 0.061265 0.087835
3 0.633729 0.299736 0.069170 0.108915
3 0.828393 0.319060 0.069170 0.147563
3 0.906456 0.347167 0.073123 0.119455
3 0.980402 0.390206 0.039196 0.100132
3 0.979414 0.309398 0.041172 0.068511
3 0.974967 0.243522 0.050066 0.066755