9 0.295784 0.591348 0.164032 0.319719
0 0.188076 0.422705 0.075099 0.144049
0 0.272563 0.349802 0.074111 0.117699
0 0.309124 0.283048 0.048419 0.096618
0 0.351614 0.287440 0.054348 0.105402
0 0.398057 0.291831 0.062253 0.110672
0 0.422760 0.243522 0.062253 0.091348
0 0.402997 0.417435 0.060277 0.154589
0 0.459816 0.420070 0.069170 0.180940
0 0.524045 0.431489 0.083004 0.175670
0 0.609519 0.445542 0.083992 0.179183
0 0.447464 0.340141 0.066206 0.126482
0 0.517622 0.340141 0.083992 0.147563
0 0.518610 0.277778 0.054348 0.121212
0 0.569005 0.286561 0.056324 0.121212
0 0.621871 0.293588 0.077075 0.131752
3 0.552701 0.223320 0.061265 0.093105
3 0.613472 0.226834 0.064229 0.096618
0 0.668808 0.235617 0.060277 0.117699
0 0.749341 0.206632 0.063241 0.119455
0 0.806653 0.484190 0.102767 0.238911
0 0.968544 0.257576 0.062912 0.105402
0 0.974473 0.315547 0.051054 0.084321
3 0.975461 0.388450 0.049078 0.124726
3 0.901515 0.350681 0.067194 0.137022
3 0.828393 0.313790 0.075099 0.144049
3 0.859519 0.274264 0.062253 0.117699