0 0.217421 0.573160 0.158436 0.213992
0 0.346022 0.406722 0.098765 0.173754
0 0.435014 0.419524 0.114198 0.188386
0 0.816701 0.532922 0.138889 0.290809
3 0.264746 0.244856 0.080247 0.135345
3 0.343964 0.246685 0.102881 0.109739
3 0.360425 0.133288 0.061728 0.142661
3 0.403121 0.173525 0.079218 0.102423
3 0.615055 0.143347 0.083333 0.111568
3 0.728738 0.170782 0.106996 0.133516
3 0.870713 0.298811 0.074074 0.140832
3 0.960048 0.311614 0.079904 0.173754
3 0.942044 0.590535 0.115912 0.285322
1 0.627401 0.345450 0.110082 0.171925
6 0.458162 0.275949 0.063786 0.168267
6 0.524005 0.297897 0.104938 0.168267
7 0.965363 0.244856 0.061728 0.149977