9 0.339262 0.589592 0.164032 0.302152
3 0.185112 0.427975 0.061265 0.140536
3 0.449440 0.440272 0.076087 0.158103
3 0.517128 0.438516 0.069170 0.154589
3 0.313076 0.294466 0.044466 0.091348
3 0.352108 0.294466 0.047431 0.105402
3 0.396574 0.307642 0.057312 0.075538
3 0.830863 0.320817 0.070158 0.144049
3 0.904480 0.352437 0.069170 0.129996
0 0.267128 0.350681 0.051383 0.119455
0 0.412879 0.234739 0.048419 0.063241
0 0.407444 0.425340 0.067194 0.170400
0 0.748353 0.206632 0.061265 0.112429
0 0.521574 0.254062 0.054348 0.066755
3 0.447464 0.325209 0.058300 0.068511
3 0.514657 0.315547 0.072134 0.084321
3 0.861989 0.278656 0.045455 0.108915
5 0.970685 0.374396 0.055336 0.117699
5 0.971179 0.295345 0.054348 0.057971
3 0.969203 0.254062 0.054348 0.101888
6 0.618412 0.305885 0.070158 0.117699
6 0.570487 0.274264 0.041502 0.121212
7 0.544302 0.225077 0.032609 0.068511
3 0.615448 0.220685 0.050395 0.070268
3 0.667325 0.240009 0.047431 0.108915
0 0.604084 0.449056 0.092885 0.203777
6 0.730567 0.478920 0.120553 0.221344
9 0.335310 0.593105 0.160079 0.316206