9 0.280018 0.584571 0.162570 0.300393
9 0.811892 0.469079 0.115207 0.226432
0 0.177931 0.410480 0.087046 0.138818
0 0.267537 0.333675 0.062724 0.130853
0 0.446429 0.313762 0.056964 0.091028
0 0.368024 0.277351 0.030722 0.125164
0 0.413466 0.219321 0.038402 0.047790
0 0.405146 0.399101 0.048643 0.154748
0 0.606759 0.445753 0.084485 0.202537
0 0.532514 0.428116 0.058884 0.167264
0 0.466910 0.419582 0.074885 0.138818
0 0.749488 0.206804 0.080645 0.109234
0 0.832053 0.307504 0.067844 0.130853
3 0.974270 0.258577 0.051459 0.085339
3 0.900538 0.347898 0.076805 0.136542
3 0.972862 0.376913 0.049923 0.108096
3 0.623400 0.284747 0.061444 0.119474
3 0.670763 0.232406 0.051203 0.076236
3 0.607079 0.215338 0.056964 0.058030
3 0.544675 0.207942 0.039683 0.040963
3 0.517793 0.255732 0.047363 0.070547
3 0.568676 0.264266 0.037762 0.098993
3 0.515553 0.310918 0.062084 0.069409
3 0.319700 0.281902 0.050563 0.106958
0 0.402906 0.282471 0.049283 0.089890
7 0.977151 0.307504 0.045698 0.039825