9 0.071462 0.853550 0.142924 0.278326
0 0.781950 0.471014 0.081028 0.191480
3 0.192029 0.423584 0.071146 0.117699
3 0.315547 0.291831 0.049407 0.096618
3 0.354578 0.290953 0.040514 0.098375
3 0.392622 0.286561 0.053360 0.079051
3 0.416831 0.231225 0.038538 0.042161
3 0.446476 0.329600 0.042490 0.063241
3 0.518116 0.319060 0.071146 0.091348
3 0.615448 0.210145 0.062253 0.070268
3 0.671772 0.243522 0.048419 0.098375
3 0.826416 0.310277 0.083004 0.137022
3 0.903985 0.348924 0.066206 0.129996
3 0.976943 0.384936 0.046113 0.093105
3 0.976449 0.312033 0.047101 0.077295
3 0.976943 0.243522 0.046113 0.066755
3 0.861495 0.247036 0.050395 0.080808
0 0.275033 0.350681 0.071146 0.112429
0 0.397068 0.420949 0.072134 0.161616
0 0.456851 0.420949 0.067194 0.168643
0 0.520092 0.431489 0.071146 0.168643
0 0.607543 0.440272 0.093874 0.193237
0 0.525033 0.254062 0.035573 0.059728
0 0.551219 0.209267 0.032609 0.047431
0 0.566041 0.281291 0.058300 0.093105
0 0.629776 0.289196 0.084980 0.122969
0 0.742424 0.203118 0.069170 0.119455