1 0.218964 0.597851 0.130658 0.182899
1 0.632545 0.363740 0.099794 0.153635
0 0.360940 0.416781 0.087449 0.179241
0 0.429355 0.399406 0.084362 0.243256
0 0.467421 0.305213 0.069959 0.153635
0 0.807956 0.539323 0.117284 0.212163
3 0.531207 0.296982 0.086420 0.173754
3 0.274005 0.264975 0.057613 0.139003
3 0.330590 0.231139 0.096708 0.155464
3 0.351680 0.148834 0.054527 0.137174
3 0.404149 0.179012 0.083333 0.135345
3 0.611968 0.153406 0.075103 0.135345
3 0.716392 0.185414 0.074074 0.166438
3 0.926097 0.593278 0.147805 0.232282
3 0.883059 0.280521 0.086420 0.107910
6 0.953361 0.333562 0.093278 0.148148
7 0.956104 0.239369 0.076132 0.139003