9 0.337780 0.592227 0.165020 0.293368
3 0.187582 0.428854 0.068182 0.138779
3 0.267622 0.363856 0.058300 0.117699
3 0.313570 0.294466 0.047431 0.084321
3 0.356061 0.294466 0.051383 0.098375
3 0.403491 0.292710 0.057312 0.087835
3 0.452899 0.335749 0.059289 0.068511
3 0.519104 0.324330 0.073123 0.080808
3 0.547760 0.216293 0.031621 0.061484
3 0.829381 0.325209 0.069170 0.135266
3 0.903985 0.358586 0.076087 0.135266
3 0.861989 0.268116 0.043478 0.080808
3 0.969203 0.241765 0.056324 0.063241
3 0.611001 0.223320 0.057312 0.072025
3 0.670784 0.241765 0.050395 0.112429
3 0.524539 0.435002 0.072134 0.175670
3 0.450922 0.438516 0.083004 0.168643
0 0.419302 0.228590 0.055336 0.050944
0 0.746871 0.208388 0.064229 0.115942
0 0.401515 0.426219 0.059289 0.172156
0 0.607049 0.454326 0.094862 0.210804
6 0.725626 0.468379 0.114625 0.214317
6 0.624835 0.306763 0.081028 0.094862
6 0.568017 0.280413 0.044466 0.133509
0 0.519104 0.258454 0.053360 0.072025
5 0.975626 0.282170 0.047431 0.073781
5 0.969697 0.384936 0.057312 0.121212