6 0.790843 0.406895 0.071146 0.168643
6 0.871871 0.444664 0.086957 0.177426
1 0.369401 0.215415 0.032609 0.066755
1 0.428689 0.158322 0.030632 0.064998
1 0.596673 0.152174 0.038538 0.066755
1 0.635211 0.147782 0.036561 0.061484
1 0.682148 0.146025 0.031621 0.061484
1 0.811100 0.166227 0.042490 0.091348
1 0.860507 0.159201 0.040514 0.059728
4 0.488966 0.353316 0.080040 0.093105
4 0.461792 0.183794 0.037549 0.038647
0 0.553689 0.178524 0.039526 0.084321
9 0.264657 0.782499 0.218379 0.435002
3 0.833333 0.648441 0.124506 0.219587
3 0.720685 0.556214 0.120553 0.242424
3 0.199440 0.461353 0.062253 0.108915
3 0.236495 0.351559 0.033597 0.093105
3 0.277997 0.356829 0.053360 0.079051
3 0.350132 0.276021 0.057312 0.068511
3 0.402009 0.213658 0.040514 0.080808
3 0.618412 0.265481 0.068182 0.100132
3 0.602108 0.193456 0.053360 0.064998
3 0.660408 0.206632 0.051383 0.070268
3 0.560112 0.249671 0.046443 0.086078
3 0.864460 0.236495 0.044466 0.087835
3 0.810606 0.287440 0.069170 0.119455
3 0.420784 0.335749 0.054348 0.093105
3 0.469203 0.498243 0.091897 0.140536
3 0.382740 0.460474 0.077075 0.159859
0 0.313076 0.265481 0.030632 0.103645
0 0.495389 0.239130 0.057312 0.086078
1 0.799736 0.215415 0.053360 0.073781
4 0.162879 0.454326 0.038538 0.105402
1 0.879776 0.312033 0.047431 0.091348
0 0.334816 0.435002 0.046443 0.137022