9 0.467227 0.933575 0.127470 0.132850
1 0.357049 0.160957 0.049407 0.091348
3 0.281456 0.246157 0.058300 0.089592
3 0.405962 0.179403 0.064229 0.064998
3 0.606061 0.175889 0.073123 0.107159
3 0.723155 0.174133 0.056324 0.110672
3 0.880764 0.275143 0.081028 0.101888
3 0.956851 0.313790 0.075099 0.115942
3 0.962780 0.231225 0.063241 0.084321
3 0.936594 0.583443 0.123518 0.261748
6 0.530962 0.297980 0.077075 0.133509
0 0.225626 0.567633 0.094862 0.177426
0 0.363472 0.396355 0.083992 0.182697
0 0.447958 0.413922 0.088933 0.182697
0 0.466733 0.276899 0.067194 0.140536
0 0.607543 0.319060 0.078063 0.168643
0 0.812088 0.507027 0.115613 0.238911
0 0.342227 0.223320 0.061265 0.114185