6 0.792325 0.412165 0.066206 0.165130
6 0.867918 0.433245 0.079051 0.207290
4 0.490448 0.353316 0.083004 0.096618
4 0.455863 0.185551 0.041502 0.035134
0 0.556159 0.177646 0.038538 0.089592
9 0.276515 0.794796 0.214427 0.410408
3 0.202899 0.451691 0.065217 0.089592
3 0.236495 0.353316 0.037549 0.072025
3 0.279974 0.347167 0.055336 0.070268
3 0.347167 0.273386 0.053360 0.070268
3 0.400527 0.213658 0.045455 0.066755
3 0.384717 0.456961 0.065217 0.142292
3 0.464262 0.488581 0.093874 0.131752
3 0.418808 0.334870 0.060277 0.108915
3 0.616930 0.261089 0.063241 0.101888
3 0.603096 0.193456 0.037549 0.064998
3 0.663373 0.211902 0.061265 0.094862
3 0.554677 0.248792 0.049407 0.084321
3 0.863966 0.226834 0.043478 0.082565
3 0.833827 0.651076 0.105731 0.214317
1 0.367424 0.211902 0.028656 0.059728
1 0.427701 0.157444 0.036561 0.056214
1 0.601614 0.148661 0.036561 0.059728
1 0.637681 0.145147 0.033597 0.052701
1 0.676713 0.143390 0.034585 0.059728
1 0.805665 0.155687 0.035573 0.066755
1 0.860013 0.158322 0.029644 0.054458
1 0.809124 0.211902 0.060277 0.066755
0 0.489460 0.234739 0.049407 0.087835
0 0.716238 0.546552 0.103755 0.240668
2 0.314065 0.265481 0.030632 0.107159
3 0.811100 0.279534 0.064229 0.135266
4 0.162879 0.442907 0.046443 0.086078
1 0.879776 0.312033 0.045455 0.091348
0 0.331357 0.435881 0.045455 0.156346