9 0.530468 0.910738 0.131423 0.178524
1 0.356555 0.169741 0.052372 0.101888
3 0.279480 0.241765 0.066206 0.091348
3 0.408432 0.182038 0.069170 0.077295
3 0.599144 0.166227 0.071146 0.091348
3 0.714756 0.177646 0.067194 0.110672
3 0.881752 0.289196 0.075099 0.126482
3 0.953887 0.311155 0.075099 0.121212
3 0.957345 0.227712 0.050395 0.077295
3 0.932642 0.574660 0.115613 0.237154
0 0.232049 0.565876 0.097826 0.205534
0 0.356555 0.405138 0.082016 0.172156
0 0.444993 0.412165 0.086957 0.172156
0 0.347167 0.227712 0.065217 0.119455
0 0.473155 0.274264 0.068182 0.156346
0 0.531456 0.297980 0.074111 0.161616
0 0.609519 0.316425 0.070158 0.159859
0 0.818017 0.490338 0.129447 0.198507