9 0.362484 0.760870 0.244071 0.476065
0 0.391551 0.342812 0.096344 0.179183
0 0.533844 0.386290 0.080534 0.234519
0 0.564476 0.250586 0.065711 0.114185
0 0.576828 0.158798 0.045949 0.108037
0 0.500494 0.123225 0.055336 0.101888
0 0.626482 0.188223 0.080040 0.140536
0 0.691370 0.225113 0.074111 0.168643
0 0.735343 0.153089 0.059289 0.105402
0 0.675560 0.128934 0.046443 0.099253
0 0.887516 0.165825 0.047431 0.102767
0 0.873682 0.298016 0.057312 0.166886
0 0.833416 0.413958 0.080534 0.149319
0 0.792572 0.600022 0.108202 0.262626
3 0.936924 0.383509 0.076087 0.128239
1 0.944829 0.208278 0.055336 0.099253
4 0.436924 0.110050 0.064229 0.089592
3 0.372200 0.166703 0.083992 0.102767
3 0.496706 0.243559 0.068182 0.133509
3 0.880270 0.214537 0.058300 0.064998