9 0.288867 0.778107 0.225296 0.443786
1 0.368412 0.216293 0.034585 0.072025
1 0.431653 0.155687 0.028656 0.073781
1 0.594682 0.147390 0.037729 0.051104
1 0.640496 0.145793 0.032339 0.060686
1 0.679123 0.147390 0.028746 0.060686
1 0.805785 0.160166 0.043119 0.076656
1 0.861031 0.168949 0.036831 0.075059
1 0.805336 0.215262 0.049407 0.075059
1 0.490927 0.258381 0.060187 0.091029
8 0.309124 0.424462 0.093874 0.179183
7 0.270586 0.351559 0.052372 0.068511
4 0.457839 0.183794 0.041502 0.038647
4 0.491436 0.352437 0.086957 0.087835
0 0.303689 0.269873 0.049407 0.073781
0 0.557642 0.173254 0.041502 0.077295
0 0.712780 0.586957 0.112648 0.230127
3 0.198452 0.467501 0.068182 0.124726
3 0.243906 0.345411 0.052372 0.073781
3 0.350132 0.288318 0.061265 0.093105
3 0.384717 0.446421 0.084980 0.152833
3 0.469203 0.492973 0.095850 0.144049
3 0.417819 0.330479 0.046443 0.110672
3 0.556653 0.254062 0.053360 0.080808
3 0.615448 0.255819 0.056324 0.112429
3 0.604578 0.197848 0.048419 0.070268
3 0.783926 0.441151 0.090909 0.152833
3 0.827899 0.653711 0.103755 0.223101
3 0.876812 0.463988 0.084980 0.166886
3 0.811594 0.284805 0.071146 0.142292
3 0.861495 0.238252 0.054348 0.091348
3 0.405468 0.213658 0.051383 0.077295
4 0.662385 0.222442 0.075099 0.094862
1 0.877306 0.313790 0.062253 0.122969
4 0.162879 0.451691 0.036561 0.079051