9 0.141514 0.878624 0.101551 0.223163
5 0.778491 0.483311 0.087945 0.212560
3 0.192523 0.421827 0.066206 0.121212
3 0.315547 0.289196 0.043478 0.094862
3 0.357049 0.283926 0.053360 0.084321
3 0.396574 0.285683 0.049407 0.084321
3 0.445982 0.333114 0.045455 0.066755
3 0.520092 0.334870 0.067194 0.108915
3 0.547760 0.210145 0.035573 0.063241
3 0.616930 0.219807 0.055336 0.082565
3 0.671772 0.232982 0.054348 0.101888
3 0.630270 0.304128 0.070158 0.110672
3 0.832839 0.318182 0.064229 0.138779
3 0.907444 0.349802 0.067194 0.117699
3 0.856555 0.250549 0.050395 0.077295
3 0.974967 0.249671 0.050066 0.064998
3 0.979414 0.391963 0.041172 0.079051
3 0.975955 0.310277 0.048090 0.063241
0 0.270092 0.353316 0.065217 0.114185
0 0.419302 0.239130 0.037549 0.072025
0 0.519598 0.254941 0.036561 0.061484
0 0.561594 0.287440 0.045455 0.098375
0 0.595685 0.440272 0.078063 0.182697
0 0.399539 0.426219 0.063241 0.151076
0 0.454381 0.422705 0.064229 0.165130
0 0.518610 0.449056 0.078063 0.179183
0 0.748353 0.206632 0.061265 0.119455