0 0.232543 0.570268 0.108696 0.196750
0 0.364460 0.400747 0.074111 0.159859
0 0.456851 0.410408 0.096838 0.168643
0 0.606555 0.324330 0.080040 0.165130
0 0.465250 0.271629 0.064229 0.129996
0 0.345685 0.220685 0.078063 0.119455
0 0.809124 0.503513 0.121542 0.228371
1 0.358037 0.168863 0.055336 0.093105
9 0.480567 0.931818 0.134387 0.136364
3 0.279480 0.242644 0.056324 0.096618
3 0.407444 0.178524 0.051383 0.077295
3 0.606555 0.166227 0.060277 0.087835
3 0.721673 0.175889 0.063241 0.107159
6 0.892622 0.268116 0.065217 0.101888
6 0.962615 0.309398 0.074769 0.128239
3 0.955369 0.203118 0.044466 0.063241
3 0.940382 0.575538 0.119236 0.238911
3 0.528985 0.300615 0.075099 0.170400