9 0.047485 0.886146 0.094969 0.203103
0 0.781950 0.472771 0.096838 0.194993
0 0.269104 0.346289 0.075099 0.100132
0 0.405468 0.421827 0.063241 0.145806
0 0.462780 0.417435 0.061265 0.161616
0 0.521080 0.430610 0.067194 0.156346
0 0.599144 0.440272 0.094862 0.186210
0 0.747859 0.198726 0.068182 0.107159
0 0.630764 0.287440 0.065217 0.119455
0 0.523057 0.259332 0.053360 0.070268
0 0.569499 0.284805 0.059289 0.107159
0 0.552207 0.205753 0.040514 0.050944
3 0.188076 0.425340 0.084980 0.128239
3 0.319499 0.290075 0.047431 0.089592
3 0.351120 0.284805 0.041502 0.086078
3 0.392128 0.284805 0.054348 0.079051
3 0.446476 0.327844 0.042490 0.066755
3 0.517622 0.327844 0.076087 0.084321
3 0.419302 0.236495 0.049407 0.073781
3 0.612484 0.215415 0.054348 0.073781
3 0.670784 0.245279 0.050395 0.105402
3 0.829381 0.317303 0.057312 0.140536
3 0.853590 0.255819 0.046443 0.052701
3 0.905468 0.344532 0.063241 0.117699
3 0.976449 0.391963 0.047101 0.103645
3 0.977437 0.319939 0.045125 0.072025
3 0.979414 0.243522 0.041172 0.080808