0 0.225137 0.588706 0.110082 0.234111
0 0.344479 0.412209 0.112140 0.199360
0 0.432442 0.412209 0.102881 0.235940
3 0.269376 0.253086 0.091564 0.148148
3 0.333162 0.235711 0.068930 0.146319
3 0.366084 0.162551 0.068930 0.117055
3 0.413923 0.179012 0.069959 0.084134
3 0.618141 0.163466 0.064815 0.122542
3 0.725137 0.187243 0.097737 0.107910
3 0.880487 0.302469 0.093621 0.126200
3 0.954561 0.330818 0.077160 0.153635
3 0.935871 0.594193 0.128258 0.303612
6 0.469993 0.286923 0.073045 0.175583
6 0.534294 0.302469 0.080247 0.151806
1 0.633573 0.362826 0.103909 0.184728
0 0.812071 0.544810 0.141975 0.252401
7 0.960219 0.239369 0.063786 0.146319