9 0.270833 0.619474 0.176075 0.336918
9 0.827285 0.496416 0.122312 0.238949
0 0.607266 0.441225 0.085499 0.191823
0 0.523073 0.437243 0.068698 0.181203
0 0.461656 0.429610 0.064591 0.169919
0 0.403599 0.416999 0.061231 0.151334
0 0.185745 0.423304 0.075792 0.142705
0 0.269377 0.349296 0.058617 0.124784
0 0.423014 0.222853 0.042563 0.048453
0 0.397439 0.290555 0.057124 0.104208
0 0.449522 0.315777 0.057497 0.067038
0 0.523073 0.311463 0.071685 0.086287
0 0.566943 0.268651 0.047416 0.098898
0 0.622200 0.291882 0.076538 0.110846
0 0.750075 0.215220 0.066458 0.138059
0 0.823626 0.307812 0.067204 0.128103
3 0.975097 0.373855 0.049806 0.108854
3 0.901471 0.351620 0.068324 0.138723
3 0.967929 0.247743 0.057870 0.071685
3 0.667376 0.239115 0.060111 0.111509
3 0.610626 0.207587 0.066831 0.068366
3 0.323701 0.280931 0.053017 0.098234
3 0.366263 0.272634 0.032109 0.126776
7 0.519153 0.246748 0.046670 0.052436
7 0.540995 0.208250 0.044056 0.037834
7 0.973977 0.296860 0.052046 0.045135
0 0.858908 0.235796 0.038456 0.083632