9 0.299736 0.579930 0.160079 0.321476
0 0.188570 0.419192 0.074111 0.144049
0 0.274539 0.354194 0.072134 0.122969
0 0.308630 0.286561 0.053360 0.103645
1 0.351614 0.289196 0.050395 0.112429
3 0.397068 0.298858 0.062253 0.100132
0 0.424242 0.250549 0.071146 0.094862
0 0.400527 0.416557 0.069170 0.159859
0 0.460310 0.423584 0.074111 0.163373
0 0.526515 0.431489 0.076087 0.161616
0 0.608037 0.444664 0.090909 0.194993
0 0.447464 0.332235 0.068182 0.128239
0 0.515646 0.335749 0.091897 0.152833
0 0.516140 0.277778 0.059289 0.121212
0 0.567523 0.281291 0.059289 0.121212
0 0.620883 0.297101 0.079051 0.135266
3 0.551713 0.224199 0.067194 0.098375
3 0.609025 0.228590 0.061265 0.100132
3 0.669302 0.243522 0.065217 0.126482
0 0.748353 0.209267 0.069170 0.121212
0 0.815547 0.480676 0.092885 0.238911
3 0.827404 0.319939 0.077075 0.149319
3 0.901515 0.351559 0.071146 0.128239
3 0.974473 0.384058 0.051054 0.105402
0 0.972497 0.318182 0.055006 0.103645
3 0.852602 0.271629 0.070158 0.122969
0 0.965250 0.257576 0.066206 0.094862