9 0.295784 0.580808 0.164032 0.326746
3 0.186100 0.425340 0.077075 0.145806
0 0.271574 0.355951 0.070158 0.122969
0 0.309618 0.285683 0.049407 0.112429
6 0.351120 0.295345 0.045455 0.110672
6 0.394598 0.287440 0.053360 0.108915
0 0.417819 0.222442 0.030632 0.052701
0 0.402503 0.420070 0.069170 0.170400
0 0.461792 0.429732 0.073123 0.179183
0 0.524045 0.434124 0.077075 0.180940
0 0.609025 0.446421 0.098814 0.191480
3 0.436100 0.325209 0.041502 0.072025
3 0.518116 0.335749 0.079051 0.142292
0 0.519104 0.249671 0.033597 0.061484
0 0.564559 0.282170 0.057312 0.115942
0 0.621871 0.297101 0.079051 0.121212
0 0.547760 0.208388 0.029644 0.052701
3 0.607049 0.218050 0.055336 0.089592
3 0.667325 0.241765 0.063241 0.112429
3 0.743906 0.212780 0.082016 0.121212
0 0.816041 0.477163 0.093874 0.224857
0 0.826416 0.317303 0.075099 0.147563
3 0.900033 0.351559 0.072134 0.138779
3 0.972497 0.384058 0.055006 0.119455
3 0.855072 0.254062 0.037549 0.080808
3 0.974473 0.313790 0.051054 0.105402
3 0.970026 0.255819 0.059947 0.108915