9 0.280242 0.594683 0.176747 0.316607
9 0.823589 0.478793 0.122312 0.225806
0 0.195901 0.416667 0.090726 0.135006
0 0.258065 0.337216 0.088710 0.145759
3 0.316868 0.281661 0.062500 0.106332
0 0.410282 0.220729 0.055780 0.058542
0 0.358535 0.264934 0.043683 0.111111
6 0.395833 0.299582 0.047043 0.087216
0 0.523522 0.263740 0.052419 0.075269
0 0.445228 0.317503 0.071909 0.075269
0 0.405242 0.424432 0.047043 0.138590
0 0.465054 0.424432 0.071237 0.172043
0 0.532258 0.431601 0.079301 0.164875
0 0.611559 0.461470 0.094086 0.203106
0 0.568548 0.270311 0.036290 0.121864
0 0.625336 0.290024 0.078629 0.115890
0 0.749664 0.204600 0.090726 0.119474
0 0.836694 0.303166 0.065860 0.127838
0 0.857527 0.233274 0.036290 0.074074
0 0.973454 0.374253 0.053091 0.109916
3 0.909610 0.353345 0.070565 0.149343
3 0.975470 0.250000 0.049059 0.074074
7 0.979839 0.303166 0.040322 0.070490
3 0.673723 0.230287 0.054435 0.101553
3 0.611895 0.215352 0.047715 0.069295
3 0.545027 0.196834 0.041667 0.070490
3 0.521505 0.315711 0.067204 0.088411