9 0.368412 0.771959 0.271739 0.456082
3 0.943017 0.209267 0.043478 0.100132
3 0.933136 0.376153 0.061265 0.131752
1 0.442029 0.102108 0.053360 0.075538
1 0.666831 0.131972 0.040514 0.061484
1 0.741436 0.160079 0.067194 0.100132
0 0.379415 0.150957 0.063994 0.097873
0 0.387415 0.338757 0.108225 0.173997
0 0.524108 0.386857 0.082345 0.233390
0 0.497051 0.228336 0.069641 0.140536
0 0.554693 0.243393 0.060700 0.095364
0 0.505521 0.114569 0.057406 0.097037
0 0.570456 0.158904 0.050819 0.108748
0 0.623628 0.186091 0.067758 0.133007
0 0.690915 0.218298 0.036702 0.148901
0 0.899758 0.146775 0.040937 0.076124
0 0.883760 0.197384 0.058818 0.081979
0 0.866585 0.289820 0.062112 0.153084
0 0.834588 0.411116 0.073405 0.121296
0 0.798827 0.585949 0.106343 0.273543