9 0.184532 0.892415 0.114245 0.185551
0 0.781950 0.480676 0.083004 0.203777
0 0.265646 0.349802 0.058300 0.103645
0 0.402997 0.417435 0.060277 0.147563
0 0.463274 0.418314 0.054348 0.159859
0 0.522068 0.433245 0.063241 0.165130
0 0.598650 0.438516 0.072134 0.175670
0 0.517128 0.268116 0.045455 0.094862
0 0.566041 0.280413 0.058300 0.091348
0 0.549736 0.207510 0.035573 0.054458
0 0.607049 0.203996 0.043478 0.064998
0 0.740448 0.196091 0.061265 0.098375
0 0.827899 0.315547 0.072134 0.147563
3 0.198452 0.424462 0.089921 0.126482
3 0.316535 0.287440 0.047431 0.091348
3 0.352108 0.289196 0.039526 0.105402
3 0.401021 0.293588 0.050395 0.096618
3 0.424736 0.227712 0.046443 0.035134
3 0.452404 0.316425 0.050395 0.064998
3 0.633234 0.301493 0.066206 0.112429
3 0.520092 0.333992 0.073123 0.114185
3 0.667819 0.234739 0.058300 0.098375
3 0.904480 0.339262 0.071146 0.128239
3 0.978920 0.393720 0.042160 0.100132
3 0.978426 0.304128 0.043148 0.072025
3 0.978426 0.240887 0.043148 0.057971
3 0.865448 0.256697 0.044466 0.086078