0 0.216238 0.570268 0.087945 0.179183
0 0.365942 0.406895 0.079051 0.182697
0 0.439559 0.405138 0.085968 0.165130
0 0.471673 0.287440 0.065217 0.140536
0 0.525527 0.301493 0.080040 0.140536
0 0.604084 0.312912 0.079051 0.149319
0 0.812582 0.499122 0.114625 0.216074
0 0.928689 0.573781 0.115613 0.235397
0 0.339756 0.220685 0.056324 0.112429
9 0.573946 0.944993 0.133399 0.110013
3 0.284914 0.241765 0.069170 0.084321
1 0.354084 0.165349 0.043478 0.086078
3 0.408432 0.182916 0.053360 0.075538
3 0.609025 0.163592 0.063241 0.082565
3 0.725132 0.172376 0.062253 0.096618
3 0.887187 0.284805 0.076087 0.110672
3 0.964592 0.308520 0.070816 0.087835
3 0.961298 0.231225 0.050395 0.084321