9 0.056653 0.824714 0.113305 0.325968
5 0.775033 0.482433 0.075099 0.189723
3 0.194005 0.421827 0.071146 0.142292
3 0.311594 0.276021 0.041502 0.100132
3 0.358037 0.276899 0.043478 0.091348
3 0.405962 0.287440 0.040514 0.084321
3 0.416337 0.222442 0.033597 0.045674
3 0.637681 0.297101 0.063241 0.117699
3 0.610013 0.221563 0.037549 0.082565
3 0.667325 0.226834 0.045455 0.100132
3 0.830863 0.318182 0.058300 0.145806
3 0.905962 0.348924 0.072134 0.126482
3 0.983366 0.393720 0.033267 0.110672
3 0.976449 0.304128 0.047101 0.057971
3 0.973485 0.249671 0.053030 0.050944
3 0.514657 0.322574 0.068182 0.098375
3 0.445982 0.326087 0.047431 0.070268
0 0.274539 0.353316 0.070158 0.117699
0 0.398057 0.419192 0.064229 0.158103
0 0.455369 0.419192 0.064229 0.165130
0 0.523551 0.435881 0.072134 0.152833
0 0.602602 0.438516 0.082016 0.179183
0 0.510211 0.268116 0.043478 0.080808
0 0.547266 0.208388 0.042490 0.052701
0 0.565053 0.289196 0.060277 0.087835
0 0.744895 0.203996 0.056324 0.096618
0 0.857049 0.237374 0.039526 0.068511