9 0.291219 0.604142 0.158602 0.352051
9 0.815860 0.480685 0.112007 0.226205
0 0.179659 0.427320 0.112007 0.167264
0 0.267025 0.356432 0.082437 0.127439
0 0.409946 0.224228 0.045603 0.040963
6 0.360983 0.261350 0.035042 0.077658
0 0.398185 0.279698 0.057604 0.068271
0 0.509553 0.253670 0.057604 0.060591
0 0.570517 0.258790 0.046083 0.094726
0 0.631000 0.295486 0.070084 0.144223
0 0.446909 0.315114 0.061924 0.091313
0 0.396745 0.408133 0.068164 0.144223
0 0.456749 0.427334 0.068164 0.162144
0 0.520833 0.428187 0.079205 0.162144
0 0.606039 0.460189 0.103687 0.241509
0 0.751248 0.209293 0.075365 0.132275
0 0.828293 0.293779 0.061444 0.120328
0 0.860215 0.228495 0.046563 0.073391
0 0.975710 0.373571 0.048579 0.097286
3 0.905098 0.350102 0.073445 0.140809
3 0.969902 0.243429 0.052323 0.079365
7 0.977391 0.298899 0.045218 0.065711
3 0.613239 0.206733 0.049443 0.060591
3 0.672043 0.223801 0.055684 0.101553
3 0.544595 0.206307 0.045603 0.064857
3 0.520113 0.316820 0.064804 0.081072
3 0.324981 0.288658 0.058564 0.116914