9 0.272849 0.612605 0.171371 0.304659
9 0.818212 0.475806 0.100134 0.229391
0 0.185484 0.423238 0.086022 0.136201
0 0.270161 0.329450 0.068548 0.137395
0 0.404906 0.278076 0.040995 0.103943
0 0.401546 0.416667 0.058468 0.154122
0 0.463374 0.420848 0.075941 0.157706
0 0.446909 0.312127 0.053763 0.078853
0 0.525538 0.435783 0.076613 0.161290
0 0.610551 0.465054 0.090726 0.241338
0 0.751680 0.204600 0.066532 0.138590
0 0.825269 0.307945 0.069892 0.144564
0 0.864247 0.238053 0.057796 0.071685
0 0.973454 0.379630 0.045027 0.113501
3 0.974798 0.253584 0.050403 0.059737
3 0.903898 0.347969 0.067204 0.131422
7 0.971102 0.295998 0.053763 0.068100
3 0.667339 0.234468 0.053763 0.109916
3 0.611559 0.207587 0.049731 0.070490
3 0.546371 0.208781 0.044355 0.075269
3 0.321909 0.284648 0.059140 0.095579
3 0.370296 0.272700 0.036290 0.119474
3 0.518481 0.319892 0.070565 0.108722
6 0.619288 0.290024 0.088038 0.115890
7 0.528898 0.257168 0.048387 0.028674
0 0.417339 0.217145 0.047043 0.065711