9 0.337286 0.593105 0.164032 0.302152
3 0.189065 0.431489 0.069170 0.140536
3 0.310112 0.297980 0.044466 0.091348
3 0.358037 0.291831 0.051383 0.103645
3 0.402997 0.295345 0.064229 0.089592
3 0.830369 0.317303 0.071146 0.144049
3 0.905962 0.358586 0.066206 0.142292
3 0.973485 0.245279 0.053030 0.084321
3 0.667325 0.242644 0.053360 0.103645
3 0.612978 0.218050 0.055336 0.057971
3 0.449934 0.435002 0.077075 0.168643
3 0.519598 0.440272 0.070158 0.151076
0 0.270586 0.350681 0.070158 0.126482
0 0.416337 0.233860 0.055336 0.050944
0 0.523057 0.256697 0.053360 0.064998
0 0.402503 0.425340 0.061265 0.166886
0 0.603096 0.450812 0.079051 0.196750
6 0.722661 0.481555 0.112648 0.219587
6 0.624341 0.305885 0.078063 0.100132
6 0.570487 0.274264 0.049407 0.124726
0 0.747365 0.211023 0.061265 0.114185
3 0.448452 0.339262 0.062253 0.082565
3 0.520092 0.334870 0.077075 0.115942
3 0.971673 0.298858 0.053360 0.047431
5 0.970520 0.377910 0.058959 0.135266
3 0.864954 0.281291 0.041502 0.110672
7 0.543808 0.228590 0.039526 0.064998