9 0.816532 0.495221 0.100806 0.217443
9 0.278226 0.613501 0.174731 0.353644
0 0.751344 0.210872 0.067204 0.155317
0 0.608199 0.452210 0.106183 0.207885
0 0.525538 0.431900 0.067204 0.176822
0 0.404570 0.404421 0.067204 0.160096
0 0.185354 0.421821 0.075009 0.140286
3 0.273153 0.364782 0.069372 0.121787
3 0.321497 0.283462 0.054197 0.099433
0 0.418401 0.226423 0.054631 0.050102
0 0.447884 0.316222 0.057232 0.086330
0 0.519207 0.305816 0.071540 0.080934
0 0.567118 0.278067 0.050295 0.111766
3 0.457856 0.436467 0.069372 0.166493
3 0.402142 0.298108 0.048994 0.097892
7 0.367728 0.255032 0.026882 0.071685
7 0.519196 0.241246 0.036187 0.045339
7 0.540736 0.205098 0.044803 0.042888
3 0.613455 0.209693 0.058588 0.061882
3 0.668597 0.232975 0.046871 0.107221
3 0.625172 0.293937 0.068927 0.121312
3 0.973015 0.382471 0.053970 0.099868
3 0.901399 0.356432 0.065826 0.142144
3 0.966363 0.242472 0.052385 0.073523
7 0.974049 0.304047 0.051902 0.069234
7 0.861249 0.252581 0.038599 0.063107
0 0.820065 0.313850 0.056865 0.140306