9 0.286149 0.591398 0.174024 0.306860
9 0.807866 0.468779 0.130164 0.212539
3 0.962083 0.248066 0.056593 0.077973
3 0.892756 0.344275 0.076401 0.132051
3 0.670628 0.232346 0.063667 0.079230
3 0.609083 0.205936 0.035371 0.069169
3 0.548246 0.215997 0.035371 0.046532
3 0.523132 0.266302 0.055886 0.056593
3 0.315507 0.278249 0.041030 0.080488
3 0.518181 0.323524 0.085597 0.100610
0 0.184989 0.420990 0.071449 0.147142
0 0.278367 0.349305 0.085597 0.139596
7 0.407470 0.217255 0.046689 0.031441
6 0.359720 0.280765 0.055886 0.115701
6 0.412776 0.263158 0.048812 0.100610
6 0.570883 0.253726 0.038200 0.071685
0 0.620402 0.303402 0.086304 0.108156
0 0.615804 0.485757 0.103990 0.276677
0 0.529145 0.434824 0.070741 0.179840
0 0.461587 0.402754 0.065789 0.148400
0 0.405348 0.397095 0.063667 0.167264
0 0.446024 0.306546 0.044567 0.071685
0 0.751981 0.215997 0.070741 0.127020
0 0.847835 0.220399 0.051641 0.070427
0 0.832980 0.305917 0.064375 0.120732
0 0.972199 0.388292 0.055602 0.114444
7 0.973613 0.297114 0.052773 0.057851