9 0.442029 0.905468 0.136364 0.189064
1 0.355072 0.169741 0.057312 0.101888
3 0.279974 0.246157 0.065217 0.093105
3 0.404974 0.175011 0.072134 0.063241
3 0.601120 0.163592 0.063241 0.089592
3 0.723650 0.182038 0.067194 0.115942
3 0.879282 0.283926 0.076087 0.108915
3 0.958827 0.233860 0.055336 0.079051
3 0.958827 0.316425 0.073123 0.117699
3 0.937088 0.590470 0.122530 0.268775
6 0.528985 0.300615 0.083004 0.121212
0 0.217721 0.572025 0.102767 0.186210
0 0.361989 0.397233 0.071146 0.156346
0 0.444005 0.413922 0.092885 0.193237
0 0.460804 0.271629 0.075099 0.147563
0 0.607049 0.319060 0.075099 0.161616
0 0.814559 0.485946 0.134387 0.193237