9 0.339756 0.591348 0.165020 0.305665
6 0.744895 0.467501 0.087945 0.198507
0 0.401515 0.422705 0.059289 0.168643
0 0.522563 0.438516 0.078063 0.175670
0 0.606061 0.440272 0.096838 0.179183
0 0.572464 0.274264 0.049407 0.121212
0 0.518610 0.254062 0.042490 0.063241
0 0.747365 0.207510 0.063241 0.107159
4 0.971673 0.391085 0.055336 0.098375
3 0.192523 0.432367 0.072134 0.138779
3 0.267128 0.364734 0.063241 0.105402
3 0.319499 0.294466 0.039526 0.105402
3 0.355567 0.294466 0.048419 0.105402
3 0.400527 0.290953 0.057312 0.098375
3 0.424242 0.234739 0.043478 0.059728
3 0.448946 0.323452 0.051383 0.057971
3 0.515646 0.319939 0.066206 0.079051
3 0.450922 0.440272 0.077075 0.161616
3 0.546772 0.222442 0.033597 0.073781
3 0.611989 0.218050 0.051383 0.068511
3 0.668314 0.247914 0.047431 0.121212
3 0.625329 0.302372 0.087945 0.117699
3 0.830369 0.322574 0.075099 0.133509
3 0.860507 0.283926 0.056324 0.105402
3 0.901021 0.358586 0.080040 0.131752
3 0.967721 0.260211 0.057312 0.089592
3 0.980402 0.299736 0.039196 0.108915