9 0.296772 0.592227 0.169960 0.335529
0 0.188076 0.420949 0.077075 0.137022
0 0.268116 0.350681 0.077075 0.129996
0 0.310112 0.282170 0.044466 0.094862
0 0.351614 0.288318 0.046443 0.100132
0 0.398057 0.293588 0.064229 0.110672
0 0.426219 0.243522 0.059289 0.087835
0 0.400033 0.408652 0.068182 0.158103
0 0.460310 0.427097 0.072134 0.173913
0 0.527009 0.429732 0.079051 0.179183
0 0.608531 0.445542 0.091897 0.200264
0 0.450428 0.333992 0.062253 0.117699
0 0.518610 0.336627 0.087945 0.154589
0 0.520092 0.278656 0.055336 0.122969
0 0.565547 0.282170 0.055336 0.115942
0 0.621871 0.296223 0.073123 0.115942
3 0.556653 0.229469 0.051383 0.094862
3 0.610507 0.225077 0.060277 0.093105
3 0.673748 0.239130 0.062253 0.117699
0 0.747365 0.207510 0.063241 0.107159
0 0.809618 0.484190 0.104743 0.224857
0 0.966568 0.255819 0.066864 0.105402
3 0.827404 0.316425 0.073123 0.142292
3 0.902009 0.349802 0.070158 0.135266
3 0.976449 0.380545 0.047101 0.115942
3 0.973485 0.312033 0.053030 0.098375
3 0.855567 0.268116 0.064229 0.115942