9 0.278985 0.776350 0.181818 0.447299
1 0.363472 0.210145 0.032609 0.077295
1 0.429183 0.162714 0.031621 0.066755
1 0.599144 0.149539 0.039526 0.057971
1 0.641634 0.148661 0.029644 0.059728
1 0.680665 0.153052 0.030632 0.072025
1 0.805171 0.160957 0.040514 0.084321
1 0.861495 0.168863 0.040514 0.064998
1 0.803689 0.215415 0.049407 0.073781
1 0.493412 0.254062 0.057312 0.080808
8 0.308136 0.391085 0.085968 0.200264
4 0.454381 0.182038 0.048419 0.031621
4 0.490448 0.357708 0.083004 0.091348
0 0.304183 0.261089 0.038538 0.087835
0 0.555665 0.181159 0.043478 0.093105
0 0.708827 0.582565 0.106719 0.221344
3 0.201910 0.459596 0.063241 0.098375
3 0.236001 0.347167 0.032609 0.091348
3 0.353590 0.276899 0.062253 0.084321
3 0.403491 0.213658 0.049407 0.084321
3 0.599144 0.192578 0.043478 0.080808
3 0.613966 0.268116 0.051383 0.098375
3 0.550725 0.258454 0.049407 0.079051
3 0.465250 0.499122 0.085968 0.138779
3 0.415843 0.341019 0.052372 0.110672
3 0.379776 0.450812 0.073123 0.158103
3 0.858531 0.232982 0.044466 0.087835
3 0.810606 0.287440 0.055336 0.147563
3 0.881752 0.456961 0.075099 0.194993
3 0.790843 0.435002 0.081028 0.144049
3 0.832345 0.646684 0.110672 0.226614
4 0.661397 0.218928 0.057312 0.094862
1 0.876812 0.308520 0.065217 0.105402
4 0.164361 0.445542 0.047431 0.077295