9 0.243906 0.768445 0.230237 0.463109
1 0.365942 0.215415 0.035573 0.073781
1 0.427701 0.161836 0.026680 0.082565
1 0.599638 0.139877 0.040514 0.063241
1 0.637681 0.151296 0.029644 0.061484
1 0.682642 0.153052 0.034585 0.068511
1 0.807642 0.155687 0.033597 0.066755
1 0.862978 0.161836 0.037549 0.061484
1 0.805171 0.215415 0.050395 0.073781
4 0.455863 0.180281 0.037549 0.038647
4 0.487484 0.351559 0.077075 0.086078
0 0.556653 0.173254 0.037549 0.091348
0 0.307642 0.261968 0.039526 0.089592
0 0.493412 0.241765 0.049407 0.091348
0 0.349144 0.415679 0.041502 0.165130
0 0.709816 0.579051 0.100791 0.224857
0 0.866930 0.424462 0.061265 0.196750
3 0.198452 0.451691 0.072134 0.100132
3 0.241436 0.356829 0.039526 0.082565
3 0.278985 0.355072 0.067194 0.096618
3 0.354084 0.282170 0.065217 0.080808
3 0.399539 0.218050 0.055336 0.093105
3 0.390646 0.456083 0.065217 0.147563
3 0.465250 0.496487 0.087945 0.151076
3 0.414855 0.333992 0.048419 0.110672
3 0.554183 0.251427 0.056324 0.089592
3 0.615448 0.260211 0.060277 0.100132
3 0.600626 0.192578 0.042490 0.063241
3 0.656456 0.198726 0.059289 0.096618
3 0.861989 0.227712 0.055336 0.091348
3 0.819499 0.275143 0.081028 0.105402
3 0.788867 0.427097 0.071146 0.159859
3 0.826416 0.640536 0.118577 0.200264
4 0.166831 0.454326 0.040514 0.094862
1 0.875329 0.312033 0.058300 0.091348