0 0.225132 0.568511 0.095850 0.182697
0 0.361495 0.391963 0.066206 0.156346
0 0.436100 0.401625 0.081028 0.158103
0 0.814559 0.500000 0.110672 0.221344
0 0.937088 0.568511 0.102767 0.210804
0 0.335310 0.223320 0.053360 0.114185
0 0.465744 0.270751 0.063241 0.138779
0 0.525033 0.297980 0.081028 0.133509
0 0.599638 0.309398 0.078063 0.135266
3 0.879282 0.276021 0.089921 0.149319
3 0.966733 0.313790 0.063241 0.098375
3 0.962286 0.232104 0.056324 0.082565
3 0.610013 0.158322 0.069170 0.082565
3 0.719697 0.174133 0.059289 0.103645
3 0.406456 0.183794 0.063241 0.080808
3 0.361001 0.160079 0.049407 0.100132
3 0.280962 0.247036 0.071146 0.094862
9 0.552207 0.953777 0.121542 0.092446