9 0.280376 0.583751 0.130108 0.254241
9 0.811022 0.462843 0.107527 0.215054
0 0.184677 0.416010 0.065054 0.138590
0 0.403763 0.282676 0.045161 0.087933
0 0.415323 0.225806 0.027419 0.046834
0 0.394892 0.412664 0.060753 0.147192
0 0.462097 0.419833 0.058602 0.134767
0 0.528226 0.433214 0.062903 0.157706
0 0.614247 0.458542 0.085484 0.223656
0 0.567473 0.267861 0.036022 0.104182
0 0.623387 0.296535 0.061828 0.121386
0 0.450806 0.313262 0.059677 0.076464
0 0.520161 0.247312 0.030645 0.047790
0 0.746505 0.209080 0.071505 0.122342
0 0.834677 0.295579 0.059677 0.129032
0 0.980645 0.373477 0.036559 0.095579
3 0.965591 0.242055 0.051613 0.096535
3 0.906183 0.350060 0.072581 0.140502
3 0.668280 0.233931 0.044086 0.101314
3 0.613172 0.206213 0.055376 0.076464
3 0.543817 0.198088 0.032796 0.071685
3 0.519086 0.312784 0.061828 0.085066
3 0.320968 0.284588 0.052688 0.101314
3 0.271237 0.349104 0.057527 0.100358
3 0.366129 0.266428 0.029032 0.107049
7 0.866129 0.240621 0.043011 0.066906
7 0.980914 0.299403 0.037097 0.050657