9 0.279921 0.592956 0.167134 0.297127
9 0.815802 0.472443 0.121552 0.205704
0 0.187295 0.401797 0.094086 0.139214
4 0.266187 0.344657 0.062529 0.124669
3 0.316737 0.278687 0.053763 0.098696
6 0.358520 0.284401 0.047335 0.083113
0 0.397966 0.288556 0.052595 0.118435
0 0.416082 0.221027 0.044413 0.045712
0 0.522440 0.266739 0.051426 0.087268
0 0.567730 0.270895 0.053179 0.099735
0 0.626461 0.297387 0.067789 0.119474
0 0.532667 0.434003 0.087073 0.172459
0 0.611559 0.451145 0.088242 0.204665
0 0.456697 0.419978 0.064867 0.156875
0 0.392999 0.422056 0.074217 0.142330
0 0.447931 0.305698 0.062529 0.077918
0 0.756487 0.214275 0.075386 0.121552
0 0.859338 0.228819 0.036816 0.075840
0 0.831288 0.307257 0.075386 0.130902
3 0.968034 0.241806 0.062529 0.083113
3 0.899661 0.348294 0.067204 0.144408
0 0.977443 0.379980 0.045114 0.112202
7 0.978904 0.294790 0.042192 0.058179
3 0.608345 0.202847 0.066620 0.071685
3 0.665907 0.228300 0.035647 0.110124
3 0.546985 0.204405 0.040907 0.060257