9 0.044664 0.876117 0.089328 0.218148
0 0.773057 0.485068 0.086957 0.212560
0 0.276021 0.345411 0.069170 0.108915
0 0.402997 0.425340 0.060277 0.152833
0 0.462286 0.420949 0.070158 0.147563
0 0.526021 0.427975 0.061265 0.161616
0 0.603096 0.435881 0.083004 0.177426
0 0.629776 0.286561 0.065217 0.117699
0 0.521574 0.254062 0.046443 0.059728
0 0.563570 0.281291 0.059289 0.100132
0 0.750329 0.203118 0.061265 0.105402
0 0.550725 0.203118 0.031621 0.045674
3 0.196970 0.422705 0.086957 0.126482
3 0.319005 0.283048 0.046443 0.089592
3 0.351120 0.280413 0.043478 0.077295
3 0.390646 0.289196 0.051383 0.080808
3 0.415349 0.226834 0.047431 0.043917
3 0.445487 0.330479 0.054348 0.061484
3 0.520092 0.326087 0.075099 0.094862
3 0.611001 0.221563 0.051383 0.082565
3 0.668314 0.240009 0.055336 0.098375
3 0.831851 0.312912 0.074111 0.131752
3 0.905468 0.351559 0.067194 0.124726
3 0.980402 0.378788 0.039196 0.091348
3 0.974967 0.301493 0.050066 0.063241
3 0.973485 0.243522 0.053030 0.056214
3 0.861001 0.252306 0.041502 0.070268