9 0.338274 0.580808 0.162055 0.298639
6 0.735013 0.485068 0.103755 0.226614
0 0.272068 0.348924 0.057312 0.122969
0 0.312088 0.296223 0.048419 0.087835
0 0.519104 0.262846 0.041502 0.070268
0 0.570487 0.275143 0.049407 0.115942
0 0.604084 0.451691 0.077075 0.198507
0 0.745389 0.205753 0.059289 0.103645
0 0.415349 0.231225 0.035573 0.056214
5 0.399045 0.424462 0.054348 0.154589
3 0.191535 0.430610 0.072134 0.149319
3 0.355072 0.293588 0.043478 0.103645
3 0.405468 0.290075 0.067194 0.093105
3 0.449440 0.326087 0.066206 0.063241
3 0.452404 0.442029 0.074111 0.175670
3 0.519598 0.452569 0.070158 0.158103
3 0.518116 0.341897 0.075099 0.098375
3 0.550725 0.210145 0.033597 0.056214
3 0.623847 0.298858 0.081028 0.117699
3 0.611989 0.217172 0.053360 0.070268
3 0.666831 0.242644 0.044466 0.110672
3 0.829875 0.322574 0.070158 0.137022
3 0.896080 0.354194 0.080040 0.140536
3 0.969203 0.377910 0.058300 0.107159
3 0.973485 0.305007 0.053030 0.049188
3 0.968709 0.245279 0.059289 0.091348
3 0.860507 0.279534 0.048419 0.100132