1 0.353096 0.159201 0.049407 0.087835
9 0.578887 0.916008 0.129447 0.167984
3 0.405962 0.181159 0.056324 0.068511
3 0.605567 0.165349 0.062253 0.096618
3 0.720685 0.176768 0.061265 0.105402
3 0.880764 0.267238 0.077075 0.107159
3 0.964756 0.319939 0.067194 0.114185
3 0.961298 0.237374 0.050395 0.089592
0 0.220685 0.568511 0.100791 0.175670
0 0.364460 0.393720 0.072134 0.156346
0 0.440547 0.408652 0.085968 0.165130
0 0.282938 0.239130 0.063241 0.082565
0 0.342227 0.223320 0.057312 0.107159
0 0.463274 0.274264 0.058300 0.138779
0 0.525527 0.306763 0.082016 0.137022
0 0.607543 0.315547 0.074111 0.147563
0 0.813076 0.492095 0.109684 0.205534
0 0.933136 0.573781 0.110672 0.256478