1 0.225137 0.595107 0.122428 0.177412
0 0.343964 0.403978 0.111111 0.179241
0 0.437586 0.423182 0.088477 0.177412
0 0.458162 0.295153 0.072016 0.126200
0 0.810014 0.544810 0.111111 0.193873
3 0.275549 0.243941 0.050412 0.107910
3 0.323388 0.236626 0.065844 0.148148
3 0.354252 0.160722 0.057613 0.113397
3 0.405693 0.179012 0.074074 0.102423
3 0.616084 0.172611 0.066872 0.107910
3 0.726680 0.190901 0.098765 0.137174
3 0.884602 0.293324 0.077160 0.148148
3 0.949760 0.330818 0.100480 0.160951
3 0.945645 0.623457 0.108710 0.296296
3 0.528635 0.313443 0.093621 0.133516
1 0.621742 0.358253 0.127572 0.139003
7 0.966221 0.254915 0.067558 0.159122