9 0.265646 0.751208 0.208498 0.484848
3 0.195487 0.464866 0.070158 0.105402
3 0.276021 0.357708 0.057312 0.094862
3 0.238472 0.357708 0.045455 0.091348
3 0.344203 0.275143 0.049407 0.087835
3 0.302207 0.273386 0.050395 0.084321
3 0.406950 0.210145 0.054348 0.077295
3 0.374835 0.217172 0.037549 0.091348
3 0.429183 0.161836 0.035573 0.064998
3 0.464756 0.493852 0.086957 0.128239
3 0.378788 0.454326 0.069170 0.129996
3 0.324934 0.426219 0.040514 0.115942
3 0.421278 0.336627 0.063241 0.091348
3 0.495883 0.251427 0.058300 0.089592
3 0.556159 0.250549 0.054348 0.070268
3 0.665349 0.189943 0.055336 0.100132
3 0.608531 0.190821 0.048419 0.059728
0 0.559124 0.178524 0.046443 0.084321
2 0.619895 0.254941 0.061265 0.121212
4 0.486495 0.353316 0.067194 0.086078
4 0.458333 0.183794 0.034585 0.042161
1 0.600626 0.148661 0.038538 0.066755
1 0.684618 0.153931 0.038538 0.059728
1 0.635705 0.144269 0.027668 0.057971
1 0.806159 0.153931 0.038538 0.073781
1 0.863966 0.162714 0.043478 0.073781
1 0.808630 0.214537 0.063241 0.061484
3 0.709321 0.596618 0.113636 0.196750
3 0.828393 0.650198 0.104743 0.219587
3 0.787385 0.440272 0.082016 0.151076
3 0.874835 0.442029 0.077075 0.179183
3 0.811594 0.283048 0.069170 0.093105
3 0.863472 0.236495 0.054348 0.091348
1 0.874341 0.311155 0.070158 0.089592
4 0.163867 0.446421 0.036561 0.089592