9 0.046779 0.872355 0.093558 0.215640
3 0.190547 0.416557 0.066206 0.110672
3 0.314559 0.283926 0.055336 0.108915
3 0.353590 0.286561 0.054348 0.089592
3 0.399539 0.286561 0.047431 0.079051
3 0.450428 0.333992 0.056324 0.068511
3 0.515646 0.331357 0.076087 0.101888
3 0.613966 0.220685 0.055336 0.077295
3 0.671772 0.233860 0.048419 0.110672
3 0.830863 0.321695 0.060277 0.114185
3 0.901515 0.351559 0.071146 0.114185
3 0.981884 0.387571 0.036232 0.094862
3 0.973485 0.318182 0.053030 0.079051
3 0.975461 0.246157 0.049078 0.072025
0 0.271574 0.353316 0.062253 0.103645
0 0.403491 0.417435 0.059289 0.151076
0 0.459816 0.423584 0.069170 0.163373
0 0.521080 0.435002 0.084980 0.158103
0 0.598155 0.435002 0.084980 0.168643
0 0.516140 0.254062 0.039526 0.052701
0 0.562582 0.283048 0.065217 0.096618
0 0.546772 0.206632 0.037549 0.052701
0 0.429183 0.221563 0.043478 0.057971
5 0.780962 0.483311 0.086957 0.216074
0 0.751318 0.205753 0.057312 0.103645
3 0.629282 0.291831 0.072134 0.114185
0 0.851614 0.253184 0.052372 0.089592