9 0.337780 0.588713 0.161067 0.300395
6 0.740448 0.473650 0.104743 0.210804
0 0.401515 0.419192 0.051383 0.165130
0 0.523057 0.438516 0.073123 0.168643
0 0.605072 0.438516 0.086957 0.175670
0 0.517128 0.253184 0.049407 0.064998
0 0.569499 0.276899 0.041502 0.133509
0 0.747365 0.209267 0.067194 0.114185
4 0.970520 0.395477 0.058959 0.089592
3 0.188570 0.429732 0.070158 0.137022
3 0.266140 0.366491 0.053360 0.108915
3 0.312088 0.296223 0.046443 0.094862
3 0.359025 0.296223 0.045455 0.108915
3 0.403491 0.291831 0.059289 0.093105
3 0.423254 0.236495 0.041502 0.059728
3 0.451910 0.330479 0.057312 0.075538
3 0.516140 0.321695 0.067194 0.082565
3 0.452899 0.435002 0.083004 0.147563
3 0.625823 0.295345 0.077075 0.107159
3 0.547266 0.220685 0.036561 0.066755
3 0.614954 0.218050 0.051383 0.061484
3 0.667325 0.243522 0.039526 0.108915
3 0.832839 0.316425 0.074111 0.131752
3 0.865942 0.284805 0.045455 0.110672
3 0.902009 0.355951 0.072134 0.140536
3 0.970685 0.256697 0.057312 0.075538
3 0.982049 0.295345 0.034585 0.096618