1 0.227709 0.585048 0.135802 0.208505
0 0.349623 0.409465 0.087449 0.197531
0 0.430384 0.419524 0.094650 0.177412
0 0.799726 0.559442 0.158436 0.285322
3 0.274520 0.243941 0.081276 0.111568
3 0.337277 0.228395 0.070988 0.131687
3 0.354252 0.162551 0.049383 0.117055
3 0.400034 0.178098 0.073045 0.082305
3 0.617627 0.153406 0.063786 0.098765
3 0.717421 0.171696 0.084362 0.120713
3 0.881516 0.279607 0.064815 0.153635
3 0.950789 0.324417 0.098422 0.181070
3 0.935357 0.602423 0.129286 0.298125
6 0.462277 0.287837 0.092593 0.177412
6 0.524520 0.313443 0.062757 0.162780
1 0.628944 0.350023 0.102881 0.173754
7 0.958676 0.229310 0.062757 0.159122