1 0.218450 0.606996 0.119342 0.223137
3 0.350652 0.403064 0.077160 0.155464
0 0.416495 0.389346 0.083333 0.190215
3 0.275034 0.248514 0.043210 0.098765
3 0.325960 0.233882 0.054527 0.113397
3 0.350137 0.141518 0.067901 0.140832
3 0.402606 0.168038 0.069959 0.128029
3 0.607339 0.175354 0.065844 0.128029
3 0.721536 0.180841 0.076132 0.117055
3 0.876372 0.279607 0.056584 0.124371
3 0.957647 0.318930 0.073045 0.144490
3 0.948903 0.584134 0.098765 0.243256
0 0.815672 0.522862 0.110082 0.237769
1 0.631001 0.348194 0.084362 0.184728
3 0.536351 0.312529 0.078189 0.160951
0 0.451989 0.294239 0.072016 0.153635
7 0.961077 0.235711 0.077846 0.131687