1 0.221022 0.582305 0.110082 0.243256
3 0.275034 0.243941 0.059671 0.093278
3 0.330075 0.229310 0.073045 0.133516
3 0.363512 0.137860 0.051440 0.118884
3 0.403635 0.172611 0.072016 0.107910
3 0.610940 0.166209 0.085391 0.109739
3 0.719993 0.189986 0.108025 0.128029
3 0.881516 0.300640 0.075103 0.133516
3 0.950960 0.320759 0.094650 0.166438
3 0.945645 0.617970 0.108710 0.303612
6 0.461248 0.288752 0.065844 0.171925
6 0.527606 0.309785 0.091564 0.144490
1 0.634602 0.352766 0.103909 0.175583
0 0.348594 0.411294 0.089506 0.215821
0 0.436043 0.413123 0.128601 0.179241
0 0.805898 0.539323 0.150206 0.248743
7 0.958162 0.248514 0.080247 0.208505