9 0.297760 0.585200 0.167984 0.300395
1 0.191535 0.421827 0.074111 0.131752
0 0.273551 0.350681 0.068182 0.119455
1 0.312582 0.287440 0.039526 0.091348
1 0.349144 0.293588 0.053360 0.100132
0 0.395092 0.290953 0.056324 0.112429
0 0.419302 0.246157 0.059289 0.086078
0 0.396574 0.415679 0.073123 0.158103
0 0.460804 0.422705 0.069170 0.165130
0 0.526021 0.433245 0.079051 0.172156
0 0.609025 0.452569 0.086957 0.203777
1 0.448452 0.344532 0.070158 0.117699
0 0.514657 0.344532 0.080040 0.156346
0 0.518610 0.276021 0.050395 0.121212
0 0.567029 0.283048 0.060277 0.124726
0 0.621871 0.296223 0.079051 0.137022
3 0.553689 0.227712 0.059289 0.105402
3 0.668314 0.238252 0.053360 0.112429
0 0.608037 0.224199 0.065217 0.105402
0 0.750329 0.205753 0.069170 0.117699
0 0.807642 0.484190 0.106719 0.238911
0 0.828393 0.320817 0.071146 0.151076
0 0.973485 0.311155 0.053030 0.093105
1 0.966074 0.259332 0.067852 0.098375
3 0.977437 0.383180 0.045125 0.114185
3 0.900527 0.352437 0.073123 0.144049
3 0.854084 0.271629 0.067194 0.122969