9 0.370389 0.769324 0.257905 0.461352
3 0.949440 0.203996 0.056324 0.100132
3 0.934124 0.376153 0.073123 0.156346
0 0.782469 0.612226 0.115157 0.310125
0 0.835867 0.426084 0.093493 0.158103
0 0.872352 0.312574 0.061569 0.187831
0 0.892495 0.224063 0.066890 0.101348
1 0.897170 0.146775 0.046113 0.086162
1 0.736872 0.164760 0.056465 0.092017
1 0.442860 0.114150 0.055054 0.089508
1 0.380650 0.157816 0.056711 0.108457
0 0.393528 0.340177 0.102273 0.180940
0 0.531126 0.391561 0.084980 0.232762
0 0.494812 0.233897 0.072628 0.128239
0 0.554101 0.244437 0.061759 0.098375
0 0.502470 0.120590 0.051383 0.100132
0 0.569664 0.154406 0.055336 0.101010
0 0.624506 0.187344 0.070158 0.145806
0 0.680089 0.116637 0.053854 0.076416
0 0.690958 0.216330 0.054842 0.165130