9 0.365942 0.773166 0.280632 0.444444
3 0.940053 0.209267 0.049407 0.096618
3 0.938076 0.386693 0.059289 0.149319
4 0.444005 0.109135 0.045455 0.079051
0 0.376191 0.156385 0.071070 0.104726
0 0.381702 0.336785 0.105655 0.169589
0 0.501229 0.231045 0.059669 0.120266
0 0.531253 0.391175 0.068790 0.256748
0 0.551586 0.237802 0.063089 0.093240
0 0.500342 0.120688 0.047507 0.101348
0 0.571602 0.160890 0.050927 0.102024
0 0.629687 0.186227 0.076391 0.135131
0 0.680995 0.220685 0.065749 0.160805
0 0.690686 0.115621 0.046367 0.077700
0 0.731352 0.160552 0.047127 0.108104
0 0.889328 0.139607 0.044846 0.075673
0 0.881347 0.194335 0.053208 0.067565
0 0.874886 0.292980 0.060809 0.151346
0 0.828329 0.409755 0.064989 0.127698
0 0.791084 0.592519 0.099194 0.259451