9 0.614954 0.946750 0.130435 0.106500
0 0.214756 0.561484 0.077075 0.161616
0 0.363966 0.398990 0.067194 0.180940
0 0.440053 0.402503 0.081028 0.156346
0 0.816041 0.508783 0.111660 0.231884
0 0.932642 0.559728 0.113636 0.200264
0 0.600132 0.312033 0.069170 0.147563
0 0.529974 0.293588 0.075099 0.131752
0 0.468215 0.263724 0.068182 0.138779
0 0.342227 0.231225 0.067194 0.126482
3 0.967556 0.312033 0.064888 0.091348
3 0.884717 0.271629 0.081028 0.129996
3 0.956851 0.234739 0.055336 0.084321
3 0.714262 0.175889 0.078063 0.100132
3 0.612978 0.159201 0.063241 0.087835
3 0.402009 0.182038 0.050395 0.073781
1 0.356061 0.164471 0.055336 0.098375
5 0.279974 0.239130 0.061265 0.079051