3 0.192029 0.426219 0.067194 0.115942
3 0.318511 0.297101 0.045455 0.089592
3 0.358531 0.291831 0.044466 0.096618
3 0.402997 0.290953 0.052372 0.091348
3 0.414855 0.230347 0.030632 0.050944
3 0.521080 0.261968 0.037549 0.061484
3 0.550725 0.211023 0.045455 0.064998
3 0.614460 0.220685 0.050395 0.073781
3 0.670290 0.248792 0.047431 0.105402
3 0.632246 0.301493 0.058300 0.129996
3 0.519598 0.326087 0.072134 0.133509
3 0.441041 0.326087 0.055336 0.091348
3 0.835310 0.314668 0.061265 0.131752
3 0.858037 0.259332 0.035573 0.077295
3 0.907444 0.348924 0.063241 0.129996
3 0.979414 0.382301 0.041172 0.087835
3 0.975132 0.306763 0.042490 0.059728
3 0.970685 0.243522 0.037549 0.066755
3 0.273057 0.355072 0.065217 0.117699
0 0.789361 0.466623 0.083992 0.217830
0 0.611001 0.451691 0.083004 0.202020
0 0.520092 0.433245 0.069170 0.158103
0 0.397563 0.425340 0.063241 0.156346
0 0.456357 0.421827 0.052372 0.156346
0 0.747365 0.214537 0.063241 0.121212
0 0.569005 0.294466 0.066206 0.105402