9 0.217227 0.787769 0.188735 0.424462
1 0.370883 0.217172 0.033597 0.056214
1 0.434618 0.155687 0.034585 0.052701
1 0.601120 0.144269 0.039526 0.050944
1 0.638175 0.151296 0.034585 0.061484
1 0.680171 0.149539 0.043478 0.072025
1 0.808136 0.162714 0.036561 0.080808
1 0.861495 0.173254 0.040514 0.077295
1 0.806653 0.215415 0.051383 0.073781
8 0.480567 0.125823 0.051383 0.126482
4 0.489460 0.357708 0.081028 0.098375
4 0.453887 0.193456 0.037549 0.054458
0 0.713768 0.582565 0.108696 0.217830
3 0.203887 0.455204 0.063241 0.096618
3 0.247365 0.344532 0.055336 0.072025
3 0.289361 0.340141 0.046443 0.098375
3 0.353096 0.261968 0.061265 0.086078
3 0.404974 0.214537 0.052372 0.082565
3 0.421772 0.335749 0.048419 0.114185
3 0.385211 0.463988 0.080040 0.128239
3 0.462286 0.493852 0.089921 0.145806
3 0.554183 0.263724 0.056324 0.089592
3 0.603590 0.199605 0.046443 0.070268
3 0.611989 0.273386 0.053360 0.112429
3 0.807642 0.280413 0.059289 0.140536
3 0.859025 0.230347 0.053360 0.103645
3 0.879776 0.455204 0.075099 0.180940
3 0.785902 0.421827 0.092885 0.128239
3 0.824440 0.646684 0.102767 0.212560
4 0.668314 0.218928 0.055336 0.073781
1 0.302207 0.262846 0.042490 0.070268
1 0.561100 0.175011 0.044466 0.070268
0 0.495389 0.244401 0.053360 0.093105
4 0.158432 0.440272 0.047431 0.087835
1 0.872365 0.325209 0.062253 0.114185