9 0.297760 0.587835 0.160079 0.312692
3 0.188570 0.428854 0.080040 0.114185
0 0.271080 0.350681 0.063241 0.126482
0 0.312088 0.289196 0.040514 0.101888
0 0.353096 0.290075 0.047431 0.107159
0 0.396574 0.288318 0.063241 0.107159
0 0.422266 0.243522 0.065217 0.094862
0 0.400033 0.413922 0.070158 0.154589
0 0.459816 0.418314 0.073123 0.173913
0 0.527503 0.433245 0.076087 0.179183
0 0.608531 0.438516 0.089921 0.182697
0 0.448452 0.333992 0.070158 0.124726
0 0.521574 0.334870 0.083992 0.158103
0 0.515646 0.277778 0.056324 0.117699
0 0.566041 0.286561 0.054348 0.117699
0 0.625329 0.296223 0.083992 0.122969
3 0.552701 0.225077 0.061265 0.089592
3 0.607049 0.228590 0.073123 0.110672
3 0.672760 0.233860 0.064229 0.128239
0 0.750329 0.211902 0.065217 0.115942
0 0.816041 0.486825 0.105731 0.223101
3 0.826416 0.320817 0.079051 0.158103
3 0.901515 0.354194 0.071146 0.133509
3 0.975461 0.378788 0.049078 0.119455
3 0.856555 0.270751 0.066206 0.117699
0 0.971509 0.317303 0.056982 0.094862
0 0.965580 0.257576 0.068840 0.108915