9 0.277119 0.604751 0.181056 0.327500
9 0.823055 0.481060 0.117015 0.226298
0 0.749921 0.218216 0.100411 0.147586
0 0.621442 0.294118 0.061670 0.130719
0 0.613140 0.452245 0.100411 0.222082
0 0.534077 0.441001 0.078273 0.188348
0 0.526170 0.309579 0.078273 0.096985
0 0.455803 0.313796 0.070367 0.080118
0 0.398877 0.413592 0.062460 0.130719
0 0.459465 0.420204 0.070034 0.155317
0 0.183043 0.419889 0.073217 0.144627
0 0.264926 0.340973 0.067912 0.121361
0 0.401457 0.293498 0.057301 0.101868
0 0.422857 0.221185 0.043506 0.057851
3 0.323642 0.281551 0.058715 0.108156
7 0.366263 0.269918 0.030065 0.120103
7 0.542233 0.215525 0.025467 0.049047
7 0.520126 0.240363 0.034310 0.045903
7 0.977327 0.305131 0.045345 0.059737
3 0.968131 0.240992 0.063738 0.087405
3 0.903544 0.349777 0.066143 0.146513
3 0.973613 0.379331 0.052773 0.096208
0 0.855263 0.227787 0.047397 0.059737
0 0.829089 0.307332 0.067204 0.124505
3 0.668329 0.240363 0.056239 0.107527
3 0.608553 0.209866 0.062606 0.066654
0 0.564870 0.269603 0.048104 0.110671