9 0.264785 0.621864 0.206989 0.351254
9 0.798387 0.489247 0.153226 0.229391
0 0.609937 0.462448 0.095940 0.224941
0 0.522340 0.436493 0.073693 0.168088
0 0.459538 0.428254 0.068595 0.164792
0 0.403458 0.419602 0.063033 0.159024
0 0.265805 0.353273 0.067668 0.128538
0 0.180988 0.413422 0.069522 0.131834
0 0.414813 0.224735 0.057935 0.042846
0 0.362208 0.257282 0.039859 0.083220
0 0.397664 0.288592 0.058862 0.104643
0 0.453513 0.309191 0.063033 0.081572
0 0.520717 0.312899 0.072303 0.097227
0 0.565675 0.268817 0.051910 0.091460
0 0.624305 0.293948 0.075547 0.123594
0 0.749444 0.214024 0.079255 0.125242
0 0.848396 0.229679 0.045884 0.067565
0 0.829394 0.317019 0.078328 0.120298
3 0.971357 0.236683 0.057286 0.104643
3 0.903782 0.355745 0.070449 0.149961
3 0.967881 0.379640 0.064238 0.110411
7 0.975528 0.300952 0.048943 0.051910
3 0.663932 0.242038 0.061643 0.107115
3 0.611559 0.214436 0.053300 0.071685
7 0.519327 0.239979 0.035688 0.045318
7 0.543428 0.207432 0.036615 0.042846
3 0.315397 0.286532 0.057008 0.107115