9 0.296772 0.583443 0.162055 0.317962
3 0.190053 0.426219 0.079051 0.137022
0 0.271080 0.355072 0.071146 0.114185
0 0.308630 0.288318 0.055336 0.110672
1 0.355072 0.292710 0.053360 0.098375
0 0.397563 0.294466 0.059289 0.101888
0 0.422760 0.245279 0.058300 0.091348
0 0.403491 0.414800 0.063241 0.156346
0 0.461792 0.422705 0.073123 0.172156
0 0.526021 0.435002 0.079051 0.172156
0 0.610013 0.444664 0.092885 0.187967
0 0.447464 0.340141 0.064229 0.122969
0 0.515151 0.338384 0.084980 0.154589
3 0.516140 0.276021 0.051383 0.110672
0 0.563570 0.283926 0.051383 0.119455
0 0.621871 0.300615 0.079051 0.121212
3 0.551713 0.223320 0.059289 0.093105
3 0.610013 0.228590 0.065217 0.093105
3 0.664361 0.240887 0.063241 0.121212
0 0.747859 0.208388 0.070158 0.122969
0 0.815547 0.477163 0.092885 0.217830
3 0.828887 0.320817 0.076087 0.144049
3 0.902009 0.352437 0.072134 0.133509
3 0.975461 0.387571 0.049078 0.126482
3 0.852602 0.276899 0.070158 0.115942
0 0.972497 0.319939 0.055006 0.107159
0 0.966568 0.262846 0.066864 0.105402