0 0.221673 0.573781 0.130435 0.207290
0 0.350132 0.410408 0.086957 0.172156
0 0.439065 0.426219 0.098814 0.179183
0 0.486989 0.287440 0.072134 0.154589
0 0.544796 0.290075 0.084980 0.198507
0 0.604084 0.319939 0.120553 0.166886
3 0.612978 0.157444 0.059289 0.122969
3 0.729084 0.177646 0.066206 0.117699
0 0.803689 0.531621 0.152174 0.242424
1 0.939888 0.577295 0.120224 0.242424
4 0.875329 0.282170 0.083992 0.115942
3 0.954710 0.312912 0.090580 0.149319
7 0.956851 0.202240 0.047431 0.061484
0 0.407444 0.166227 0.084980 0.119455
3 0.353096 0.138999 0.033597 0.054458
0 0.344203 0.228590 0.067194 0.128239
4 0.281950 0.248792 0.077075 0.091348