3 0.189065 0.424462 0.081028 0.147563
9 0.297760 0.601010 0.175889 0.286342
0 0.400527 0.420070 0.063241 0.180940
0 0.460310 0.418314 0.068182 0.184453
0 0.523551 0.437637 0.076087 0.173913
0 0.609025 0.446421 0.092885 0.202020
3 0.434124 0.325209 0.041502 0.072025
0 0.516634 0.348046 0.080040 0.138779
0 0.519104 0.247914 0.033597 0.061484
0 0.563570 0.283926 0.047431 0.119455
0 0.624341 0.294466 0.080040 0.137022
3 0.549736 0.211023 0.039526 0.064998
3 0.611495 0.220685 0.064229 0.091348
3 0.665349 0.245279 0.053360 0.112429
3 0.744895 0.213658 0.080040 0.112429
0 0.267622 0.355951 0.064229 0.137022
3 0.314065 0.283926 0.036561 0.105402
5 0.358037 0.286561 0.055336 0.103645
0 0.407938 0.282170 0.064229 0.101888
0 0.416831 0.220685 0.032609 0.045674
0 0.813076 0.484190 0.091897 0.231884
0 0.830863 0.319939 0.078063 0.149319
3 0.901021 0.356829 0.076087 0.138779
3 0.977437 0.377910 0.045125 0.114185
0 0.855072 0.245279 0.037549 0.070268
3 0.977437 0.308520 0.045125 0.070268
3 0.966568 0.250549 0.066864 0.094862