9 0.284828 0.602467 0.163662 0.334528
9 0.816137 0.484047 0.121758 0.221379
0 0.179673 0.422553 0.070762 0.136341
0 0.259923 0.343489 0.069181 0.117366
6 0.359938 0.267236 0.027277 0.099796
6 0.395517 0.275669 0.061275 0.078712
0 0.423980 0.232448 0.050206 0.055520
0 0.548506 0.202228 0.038346 0.059737
0 0.518264 0.242990 0.050601 0.082226
6 0.621640 0.293942 0.074715 0.127908
6 0.566690 0.270750 0.055740 0.099796
3 0.611954 0.210661 0.057717 0.061143
3 0.662358 0.221555 0.059693 0.116663
0 0.746363 0.192389 0.073529 0.135638
0 0.449281 0.318540 0.061275 0.059034
0 0.509764 0.316431 0.083412 0.092768
0 0.405993 0.409200 0.064832 0.148991
0 0.462721 0.424310 0.064437 0.135638
0 0.529926 0.433094 0.071553 0.181320
0 0.601874 0.447502 0.088947 0.174995
0 0.853890 0.228582 0.050601 0.059034
0 0.828392 0.306944 0.073925 0.138450
3 0.971102 0.246855 0.051787 0.071685
3 0.898956 0.351219 0.070367 0.139855
3 0.969639 0.377574 0.060721 0.087146
7 0.971418 0.305889 0.057163 0.059034