0 0.225652 0.564015 0.125514 0.210334
0 0.355796 0.405807 0.097737 0.171925
0 0.430898 0.411294 0.097737 0.219479
0 0.811043 0.529264 0.123457 0.246914
6 0.466392 0.301555 0.067901 0.190215
6 0.535837 0.311614 0.089506 0.155464
3 0.270405 0.241198 0.066872 0.120713
3 0.331619 0.226566 0.082305 0.135345
3 0.353224 0.143347 0.059671 0.111568
3 0.403121 0.184499 0.081276 0.102423
3 0.623800 0.159808 0.090535 0.104252
3 0.709191 0.182670 0.117284 0.120713
3 0.882545 0.280521 0.073045 0.115226
3 0.949417 0.307956 0.087449 0.140832
3 0.929184 0.600594 0.141632 0.250572
7 0.958505 0.228395 0.082990 0.139003