9 0.361989 0.767567 0.254941 0.464866
1 0.447546 0.106477 0.054348 0.086737
0 0.371583 0.154512 0.079669 0.112538
0 0.501431 0.119927 0.044158 0.102657
0 0.383317 0.342533 0.104373 0.176768
0 0.573123 0.153414 0.046319 0.105951
0 0.622993 0.184705 0.075655 0.126812
0 0.676877 0.122946 0.045084 0.072464
0 0.689692 0.209683 0.053421 0.159201
0 0.736938 0.155884 0.058362 0.109794
0 0.897357 0.155061 0.040143 0.091678
0 0.878211 0.298890 0.054965 0.158652
0 0.824481 0.414448 0.074728 0.151515
0 0.784801 0.594052 0.094182 0.248682
0 0.633666 0.544960 0.015057 0.024259
0 0.552772 0.247768 0.076934 0.096618
0 0.539714 0.383912 0.091756 0.233390
0 0.498424 0.235847 0.081169 0.130498
3 0.935324 0.392695 0.075522 0.160612
3 0.939912 0.210124 0.056465 0.104147
3 0.883446 0.206360 0.049407 0.063994