9 0.285902 0.772837 0.205534 0.454326
1 0.369401 0.215415 0.026680 0.059728
1 0.430665 0.156566 0.036561 0.068511
1 0.594697 0.142512 0.034585 0.043917
1 0.634717 0.143390 0.031621 0.063241
1 0.681653 0.143390 0.032609 0.056214
1 0.806159 0.161836 0.036561 0.079051
1 0.860507 0.165349 0.030632 0.064998
1 0.805171 0.210145 0.052372 0.063241
1 0.490448 0.256697 0.055336 0.086078
8 0.320982 0.362099 0.078063 0.226614
7 0.303689 0.254062 0.033597 0.087835
4 0.456851 0.185551 0.043478 0.049188
4 0.488472 0.354194 0.086957 0.098375
0 0.555665 0.175889 0.047431 0.086078
0 0.711792 0.579930 0.102767 0.212560
3 0.202404 0.456961 0.062253 0.100132
3 0.233037 0.349802 0.026680 0.086078
3 0.265646 0.355072 0.054348 0.096618
3 0.355072 0.280413 0.065217 0.077295
3 0.401515 0.214537 0.047431 0.082565
3 0.602108 0.197848 0.049407 0.073781
3 0.611495 0.268116 0.062253 0.108915
3 0.557148 0.256697 0.054348 0.082565
3 0.861001 0.229469 0.053360 0.094862
3 0.807642 0.276899 0.073123 0.144049
0 0.879282 0.454326 0.072134 0.172156
3 0.786891 0.440272 0.090909 0.144049
3 0.831357 0.637022 0.112648 0.200264
3 0.472661 0.494730 0.090909 0.140536
3 0.391634 0.471893 0.073123 0.172156
3 0.418808 0.325209 0.052372 0.110672
4 0.661891 0.212780 0.066206 0.086078
1 0.872365 0.314668 0.060277 0.103645
4 0.163867 0.449056 0.036561 0.087835