3 0.201910 0.455204 0.071146 0.107159
3 0.241930 0.350681 0.036561 0.084321
3 0.276021 0.355951 0.053360 0.073781
3 0.349144 0.275143 0.053360 0.066755
3 0.403491 0.211902 0.047431 0.073781
3 0.419302 0.334870 0.055336 0.101888
3 0.617918 0.251427 0.069170 0.124726
3 0.467721 0.491217 0.088933 0.126482
3 0.379282 0.454326 0.074111 0.144049
3 0.329875 0.429732 0.036561 0.129996
3 0.710310 0.588713 0.103755 0.198507
3 0.828393 0.643171 0.114625 0.198507
3 0.813570 0.283926 0.065217 0.105402
3 0.556653 0.253184 0.053360 0.086078
3 0.607049 0.183794 0.047431 0.049188
3 0.667325 0.197848 0.057312 0.119455
6 0.800725 0.417435 0.071146 0.182697
6 0.872365 0.444664 0.082016 0.191480
1 0.315053 0.257576 0.030632 0.108915
1 0.368412 0.217172 0.034585 0.070268
1 0.432148 0.153052 0.029644 0.050944
1 0.599144 0.143390 0.035573 0.056214
1 0.634717 0.136364 0.027668 0.056214
1 0.676219 0.135485 0.023715 0.050944
1 0.804677 0.158322 0.039526 0.079051
1 0.863966 0.157444 0.027668 0.063241
1 0.798748 0.202240 0.059289 0.050944
4 0.489460 0.355072 0.077075 0.096618
4 0.453393 0.185551 0.032609 0.042161
0 0.555171 0.175889 0.046443 0.075538
9 0.292325 0.789526 0.214427 0.420948
3 0.497859 0.240887 0.060277 0.096618
3 0.859025 0.234739 0.057312 0.084321
4 0.161397 0.447299 0.029644 0.087835
1 0.872365 0.312912 0.064229 0.107159