6 0.346536 0.414037 0.066872 0.148148
6 0.439643 0.425926 0.100823 0.175583
1 0.227709 0.586877 0.100823 0.182899
0 0.359396 0.139689 0.037037 0.078647
4 0.405693 0.177183 0.065844 0.109739
3 0.272977 0.238455 0.051440 0.100594
3 0.332647 0.234797 0.059671 0.118884
0 0.453018 0.280521 0.057613 0.129858
3 0.526063 0.300640 0.059671 0.126200
1 0.612483 0.339049 0.072016 0.129858
3 0.611454 0.166209 0.053498 0.117055
3 0.722565 0.181756 0.065844 0.122542
0 0.804870 0.532007 0.121399 0.212163
3 0.936043 0.582305 0.112140 0.206676
6 0.887174 0.281436 0.059671 0.084134
6 0.959191 0.303384 0.065844 0.109739
7 0.958162 0.204618 0.032922 0.076818
1 0.658265 0.408551 0.003086 0.023777