9 0.285778 0.599363 0.150410 0.310633
0 0.187532 0.407635 0.071685 0.125164
0 0.404186 0.272800 0.049283 0.071685
0 0.415707 0.230699 0.042883 0.042100
0 0.526754 0.252318 0.035842 0.053479
0 0.566756 0.251749 0.044163 0.079650
0 0.745968 0.208511 0.063364 0.109234
0 0.829813 0.301246 0.053123 0.133129
0 0.966782 0.355294 0.050563 0.079650
0 0.611239 0.454287 0.094726 0.200262
0 0.528354 0.434374 0.073605 0.169540
0 0.454429 0.425841 0.061444 0.159299
0 0.400026 0.406497 0.053763 0.159299
0 0.447709 0.312624 0.054403 0.080787
3 0.280978 0.351311 0.060164 0.128577
3 0.324181 0.288730 0.048003 0.087614
3 0.370584 0.272800 0.028162 0.101269
7 0.548195 0.211925 0.030082 0.027308
3 0.608999 0.202822 0.041603 0.068271
3 0.671723 0.232975 0.045443 0.098993
3 0.533154 0.309211 0.079365 0.087614
6 0.634281 0.299539 0.079365 0.088752
7 0.873336 0.239802 0.051843 0.067133
7 0.985471 0.300677 0.029058 0.040963
3 0.975870 0.239233 0.048259 0.056893
3 0.909178 0.348467 0.074885 0.129715
9 0.817012 0.481026 0.105607 0.217329