0 0.221102 0.582437 0.135753 0.219833
1 0.938172 0.600358 0.123656 0.274791
5 0.799731 0.533453 0.134409 0.265233
3 0.956317 0.312425 0.087366 0.124253
3 0.879704 0.290920 0.073925 0.129032
3 0.722446 0.181004 0.092742 0.124253
3 0.604167 0.164277 0.103495 0.152927
0 0.611559 0.341099 0.104839 0.210275
6 0.527554 0.294504 0.087366 0.136201
0 0.452957 0.277778 0.051075 0.155317
0 0.434140 0.423536 0.080645 0.174432
0 0.356183 0.396057 0.080645 0.191159
3 0.335349 0.224014 0.060484 0.124253
3 0.277554 0.249104 0.071237 0.102748
4 0.357527 0.158303 0.048387 0.112306
3 0.407930 0.173835 0.060484 0.081243
7 0.882392 0.207288 0.073925 0.066906