9 0.338768 0.595740 0.161067 0.310935
6 0.743412 0.471893 0.090909 0.207290
0 0.401021 0.420070 0.054348 0.163373
0 0.521574 0.440272 0.072134 0.179183
0 0.606061 0.441151 0.088933 0.180940
0 0.517622 0.255819 0.050395 0.070268
0 0.568511 0.276899 0.049407 0.126482
0 0.743906 0.203996 0.064229 0.103645
4 0.972497 0.392841 0.055006 0.091348
3 0.189065 0.430610 0.069170 0.138779
3 0.269598 0.369126 0.060277 0.110672
3 0.314559 0.291831 0.045455 0.086078
3 0.355072 0.295345 0.049407 0.107159
3 0.405468 0.290953 0.055336 0.098375
3 0.418314 0.239130 0.037549 0.061484
3 0.452899 0.322574 0.055336 0.070268
3 0.519104 0.317303 0.065217 0.070268
3 0.449934 0.436759 0.077075 0.158103
3 0.626318 0.302372 0.082016 0.110672
3 0.547760 0.220685 0.035573 0.070268
3 0.614460 0.221563 0.046443 0.068511
3 0.666337 0.242644 0.051383 0.110672
3 0.830369 0.326965 0.075099 0.138779
3 0.904480 0.358586 0.069170 0.131752
3 0.858531 0.273386 0.046443 0.080808
3 0.969203 0.259332 0.060277 0.077295
3 0.982378 0.297980 0.035244 0.098375