1 0.357543 0.164471 0.056324 0.091348
0 0.282444 0.244401 0.060277 0.089592
0 0.339262 0.224199 0.057312 0.112429
0 0.215250 0.578173 0.089921 0.198507
0 0.363966 0.396355 0.079051 0.168643
0 0.442523 0.406895 0.076087 0.161616
0 0.467721 0.269873 0.059289 0.140536
0 0.528491 0.293588 0.070158 0.135266
0 0.604084 0.312033 0.081028 0.154589
0 0.815053 0.502635 0.101779 0.226614
0 0.932642 0.548309 0.113636 0.205534
9 0.583827 0.940602 0.135375 0.118796
3 0.403985 0.187308 0.054348 0.080808
3 0.611001 0.162714 0.063241 0.094862
3 0.720685 0.178524 0.061265 0.105402
3 0.879282 0.272508 0.072134 0.128239
3 0.962780 0.318182 0.067194 0.114185
3 0.961298 0.229469 0.052372 0.073781