9 0.358037 0.772837 0.237154 0.454326
3 0.942523 0.208388 0.052372 0.101888
3 0.934618 0.386693 0.058300 0.142292
1 0.443511 0.110892 0.058300 0.093105
1 0.693848 0.117845 0.038666 0.064158
1 0.732514 0.159853 0.046400 0.108457
1 0.489954 0.245279 0.066206 0.126482
0 0.377964 0.158868 0.068721 0.111790
0 0.385825 0.334538 0.104204 0.172476
0 0.530902 0.393227 0.074560 0.233960
0 0.552911 0.240714 0.046712 0.131752
0 0.575593 0.153678 0.042670 0.109394
0 0.621407 0.184021 0.069619 0.139737
0 0.505974 0.129324 0.048958 0.122969
0 0.690427 0.227539 0.060636 0.177267
0 0.899359 0.139305 0.044916 0.074260
0 0.884088 0.202785 0.060187 0.071865
0 0.868367 0.293016 0.052102 0.150118
0 0.837825 0.411992 0.075458 0.129357
0 0.792161 0.584069 0.111391 0.248333