0 0.227108 0.564119 0.093874 0.184453
0 0.363966 0.405138 0.077075 0.158103
0 0.444993 0.415679 0.079051 0.172156
0 0.608531 0.322574 0.082016 0.168643
0 0.813076 0.508783 0.099802 0.224857
6 0.884223 0.264603 0.072134 0.105402
6 0.955863 0.306763 0.073123 0.112429
3 0.341238 0.235617 0.069170 0.096618
3 0.405468 0.175889 0.063241 0.061484
3 0.609519 0.164471 0.066206 0.091348
3 0.725132 0.178524 0.060277 0.105402
3 0.957839 0.223320 0.055336 0.082565
3 0.928195 0.568511 0.112648 0.217830
3 0.535902 0.307642 0.077075 0.138779
1 0.361495 0.160079 0.048419 0.079051
3 0.279974 0.239130 0.057312 0.100132
3 0.480567 0.272508 0.055336 0.173913
9 0.473650 0.917765 0.140316 0.164470