9 0.253294 0.745938 0.213439 0.488362
3 0.194499 0.458718 0.072134 0.093105
3 0.237484 0.352437 0.033597 0.073781
3 0.275527 0.347167 0.044466 0.070268
3 0.346179 0.271629 0.055336 0.073781
3 0.403985 0.205753 0.042490 0.075538
3 0.464262 0.496487 0.091897 0.129996
3 0.372859 0.450812 0.069170 0.122969
3 0.327899 0.429732 0.046443 0.122969
3 0.420784 0.334870 0.052372 0.098375
3 0.491930 0.251427 0.056324 0.075538
3 0.556653 0.258454 0.057312 0.075538
3 0.660902 0.189065 0.052372 0.098375
3 0.603096 0.199605 0.047431 0.070268
3 0.710804 0.589592 0.106719 0.200264
3 0.833333 0.637901 0.104743 0.187967
3 0.785902 0.435002 0.081028 0.147563
3 0.862484 0.234739 0.050395 0.084321
3 0.812088 0.278656 0.066206 0.122969
3 0.525527 0.466623 0.016798 0.021080
0 0.310606 0.257576 0.039526 0.101888
0 0.868412 0.440272 0.070158 0.179183
0 0.555171 0.180281 0.038538 0.080808
0 0.803689 0.156566 0.037549 0.075538
1 0.861001 0.168863 0.041502 0.075538
1 0.804183 0.217172 0.060277 0.077295
1 0.596673 0.143390 0.034585 0.056214
1 0.683136 0.146904 0.029644 0.063241
1 0.632740 0.146904 0.027668 0.052701
1 0.370883 0.221563 0.035573 0.079051
1 0.426219 0.160957 0.033597 0.070268
4 0.491930 0.350681 0.082016 0.084321
4 0.453887 0.186430 0.035573 0.054458
2 0.616930 0.255819 0.055336 0.108915
1 0.874835 0.312033 0.063241 0.091348
4 0.162879 0.435002 0.034585 0.084321