9 0.055242 0.818445 0.110484 0.348535
3 0.190053 0.420949 0.059289 0.119455
3 0.315547 0.294466 0.037549 0.084321
3 0.355567 0.291831 0.040514 0.086078
3 0.398551 0.289196 0.045455 0.080808
3 0.416831 0.227712 0.038538 0.042161
3 0.609025 0.226834 0.049407 0.068511
3 0.670784 0.242644 0.048419 0.100132
3 0.827899 0.319060 0.074111 0.137022
3 0.908926 0.351559 0.060277 0.124726
3 0.980896 0.378788 0.038208 0.098375
3 0.976449 0.312912 0.047101 0.061484
3 0.971673 0.253184 0.049407 0.068511
3 0.449934 0.341019 0.045455 0.064998
3 0.514163 0.321695 0.063241 0.096618
0 0.788867 0.472771 0.094862 0.219587
0 0.854578 0.252306 0.032609 0.077295
0 0.746377 0.211023 0.057312 0.114185
0 0.551713 0.208388 0.039526 0.070268
0 0.526515 0.267238 0.040514 0.075538
0 0.569499 0.284805 0.055336 0.096618
0 0.629776 0.291831 0.057312 0.103645
0 0.602108 0.441151 0.069170 0.198507
0 0.402503 0.428854 0.065217 0.152833
0 0.278491 0.359464 0.066206 0.129996
0 0.461792 0.424462 0.053360 0.168643
0 0.526515 0.431489 0.066206 0.161616