0 0.227108 0.577295 0.125494 0.207290
0 0.355072 0.402503 0.088933 0.191480
0 0.440547 0.419192 0.099802 0.200264
0 0.489460 0.273386 0.069170 0.147563
0 0.547266 0.280413 0.082016 0.189723
0 0.601120 0.321695 0.118577 0.170400
3 0.613966 0.157444 0.057312 0.112429
3 0.725626 0.179403 0.067194 0.124726
3 0.955698 0.305007 0.088603 0.175670
0 0.803689 0.539526 0.150198 0.233641
1 0.931489 0.606280 0.137022 0.205534
7 0.955369 0.203118 0.048419 0.066755
4 0.281950 0.249671 0.077075 0.096618
0 0.345191 0.224199 0.065217 0.133509
0 0.406456 0.168863 0.084980 0.121212
3 0.357543 0.137242 0.054348 0.061484
4 0.878294 0.282170 0.078063 0.115942