9 0.036906 0.825968 0.073812 0.338505
3 0.192760 0.421939 0.072285 0.134775
3 0.314851 0.292649 0.039669 0.089328
3 0.351875 0.286381 0.044958 0.086193
3 0.396392 0.289515 0.044076 0.083059
3 0.667019 0.242501 0.047602 0.101865
3 0.606635 0.218993 0.052010 0.067388
3 0.510549 0.323992 0.071403 0.104999
3 0.440909 0.334179 0.048484 0.078358
3 0.832746 0.312239 0.065233 0.134775
3 0.907675 0.345933 0.066996 0.117536
3 0.971145 0.392947 0.056417 0.120671
3 0.973349 0.243284 0.048484 0.056417
3 0.975876 0.304403 0.048248 0.050149
5 0.800570 0.471305 0.081982 0.220969
0 0.267983 0.355336 0.066996 0.126939
0 0.416520 0.229963 0.032616 0.045447
0 0.522303 0.247986 0.029090 0.056417
0 0.569905 0.288732 0.060825 0.100298
0 0.637341 0.296567 0.059944 0.122238
0 0.549189 0.206456 0.028209 0.051716
0 0.599877 0.436044 0.076693 0.181790
0 0.520539 0.430559 0.074929 0.145745
0 0.454866 0.415671 0.061707 0.159850
0 0.393159 0.418805 0.063470 0.159850
0 0.747365 0.208388 0.057312 0.108915
0 0.852602 0.249671 0.036561 0.082565