9 0.283432 0.770202 0.226285 0.459596
1 0.368412 0.217172 0.024704 0.077295
1 0.430171 0.158322 0.039526 0.064998
1 0.596673 0.150417 0.034585 0.059728
1 0.637187 0.144269 0.032609 0.054458
1 0.681653 0.147782 0.030632 0.075538
1 0.808630 0.152174 0.033597 0.059728
1 0.859025 0.162714 0.029644 0.066755
1 0.803195 0.210145 0.056324 0.063241
4 0.456357 0.187308 0.034585 0.049188
4 0.489460 0.354194 0.081028 0.098375
0 0.300725 0.266359 0.047431 0.077295
0 0.344697 0.413922 0.042490 0.165130
0 0.488966 0.234739 0.044466 0.091348
0 0.556653 0.175011 0.053360 0.098375
0 0.714262 0.572025 0.099802 0.210804
3 0.205369 0.456083 0.074111 0.091348
3 0.239954 0.348046 0.038538 0.096618
3 0.277009 0.350681 0.061265 0.084321
3 0.349144 0.276899 0.053360 0.077295
3 0.402503 0.211902 0.045455 0.073781
3 0.418808 0.332235 0.058300 0.096618
3 0.550725 0.254062 0.053360 0.087835
3 0.600626 0.199605 0.046443 0.063241
3 0.657938 0.196970 0.056324 0.096618
3 0.611989 0.261089 0.061265 0.108915
3 0.860507 0.227712 0.048419 0.091348
3 0.807148 0.277778 0.068182 0.131752
3 0.834321 0.656346 0.110672 0.224857
3 0.791337 0.420949 0.083992 0.168643
3 0.464756 0.496487 0.083004 0.122969
3 0.387681 0.449934 0.059289 0.142292
0 0.863966 0.431489 0.067194 0.189723
4 0.166337 0.446421 0.035573 0.096618
1 0.876318 0.315547 0.058300 0.119455