9 0.338274 0.588713 0.162055 0.307422
6 0.735013 0.472771 0.103755 0.205534
0 0.267128 0.357708 0.059289 0.133509
0 0.402997 0.424462 0.054348 0.175670
0 0.608037 0.468379 0.084980 0.228371
0 0.519598 0.445542 0.078063 0.193237
0 0.515151 0.254941 0.041502 0.064998
0 0.571476 0.285683 0.037549 0.129996
0 0.623847 0.297980 0.081028 0.112429
0 0.747859 0.212780 0.056324 0.121212
4 0.970520 0.390206 0.058959 0.079051
3 0.191041 0.431489 0.067194 0.137022
3 0.312582 0.295345 0.043478 0.086078
3 0.353590 0.294466 0.052372 0.108915
3 0.401515 0.291831 0.057312 0.096618
3 0.420784 0.233860 0.036561 0.054458
3 0.451910 0.327844 0.059289 0.073781
3 0.516634 0.318182 0.074111 0.072025
3 0.448452 0.439394 0.076087 0.156346
3 0.830863 0.322574 0.076087 0.137022
3 0.901515 0.355951 0.075099 0.140536
3 0.863472 0.279534 0.044466 0.093105
3 0.962286 0.261089 0.050395 0.080808
3 0.986001 0.297980 0.026680 0.105402
3 0.548254 0.218050 0.036561 0.064998
3 0.615448 0.221563 0.050395 0.064998
3 0.668808 0.240009 0.046443 0.108915