9 0.080630 0.879878 0.161260 0.180536
0 0.781456 0.486825 0.080040 0.216074
3 0.189559 0.417435 0.083992 0.105402
3 0.318511 0.289196 0.047431 0.094862
3 0.352602 0.284805 0.042490 0.086078
6 0.393610 0.292710 0.051383 0.087835
3 0.416337 0.240887 0.053360 0.072025
3 0.445487 0.340141 0.064229 0.080808
3 0.522068 0.312033 0.075099 0.094862
3 0.612484 0.211902 0.060277 0.066755
3 0.670290 0.235617 0.051383 0.086078
3 0.835310 0.312912 0.071146 0.149319
3 0.904974 0.342776 0.066206 0.117699
3 0.980402 0.377031 0.039196 0.094862
3 0.972991 0.315547 0.054018 0.077295
3 0.970191 0.244401 0.056324 0.061484
0 0.277997 0.349802 0.069170 0.103645
0 0.404974 0.416557 0.068182 0.166886
0 0.460310 0.419192 0.062253 0.175670
0 0.521080 0.433245 0.071146 0.154589
0 0.599144 0.436759 0.094862 0.179183
0 0.523551 0.260211 0.036561 0.079051
0 0.554183 0.211023 0.034585 0.054458
0 0.569993 0.280413 0.064229 0.098375
0 0.631752 0.294466 0.073123 0.112429
0 0.748353 0.205753 0.065217 0.114185