9 0.294796 0.593983 0.166008 0.328502
0 0.190053 0.422705 0.083004 0.144049
0 0.264657 0.348046 0.082016 0.128239
0 0.310606 0.286561 0.047431 0.110672
0 0.355072 0.289196 0.049407 0.108915
0 0.397068 0.289196 0.058300 0.108915
0 0.422760 0.245279 0.058300 0.094862
0 0.402503 0.413922 0.065217 0.161616
0 0.461298 0.422705 0.070158 0.172156
0 0.528985 0.427975 0.079051 0.168643
0 0.610013 0.444664 0.086957 0.194993
0 0.448946 0.338384 0.071146 0.122969
0 0.517128 0.341019 0.077075 0.149319
0 0.518116 0.278656 0.059289 0.115942
0 0.568511 0.283926 0.055336 0.115942
0 0.622365 0.296223 0.078063 0.129996
3 0.555171 0.225077 0.054348 0.093105
3 0.609025 0.223320 0.065217 0.093105
3 0.671772 0.234739 0.058300 0.119455
0 0.745883 0.206632 0.062253 0.112429
0 0.807642 0.477163 0.106719 0.217830
0 0.964592 0.260211 0.070816 0.110672
3 0.828393 0.318182 0.077075 0.152833
3 0.902009 0.353316 0.072134 0.135266
3 0.974967 0.387571 0.050066 0.105402
0 0.972003 0.319060 0.055994 0.098375
3 0.856555 0.270751 0.058300 0.121212