9 0.337780 0.586957 0.161067 0.303909
6 0.746871 0.469258 0.091897 0.209047
0 0.399539 0.425340 0.055336 0.166886
0 0.523057 0.442029 0.077075 0.175670
0 0.606555 0.442907 0.093874 0.184453
0 0.519598 0.252306 0.046443 0.056214
0 0.570982 0.273386 0.042490 0.119455
0 0.745883 0.208388 0.066206 0.115942
4 0.971179 0.393720 0.056324 0.086078
3 0.189559 0.431489 0.072134 0.140536
3 0.267128 0.366491 0.063241 0.115942
3 0.454381 0.460474 0.083992 0.216074
3 0.496377 0.555336 0.007905 0.057971
3 0.449934 0.331357 0.073123 0.080808
3 0.518116 0.327844 0.075099 0.080808
3 0.316041 0.285683 0.040514 0.080808
3 0.357543 0.285683 0.044466 0.087835
3 0.400033 0.292710 0.044466 0.094862
3 0.418314 0.238252 0.033597 0.063241
3 0.621377 0.296223 0.076087 0.112429
3 0.550725 0.214537 0.033597 0.075538
3 0.612978 0.220685 0.055336 0.063241
3 0.665843 0.247036 0.048419 0.115942
3 0.831357 0.320817 0.073123 0.144049
3 0.861989 0.281291 0.051383 0.114185
3 0.904974 0.355072 0.070158 0.135266
3 0.968215 0.260211 0.058300 0.082565
3 0.982049 0.294466 0.030632 0.105402