9 0.289361 0.608915 0.180830 0.347826
0 0.186594 0.424462 0.076087 0.140536
0 0.273551 0.353316 0.076087 0.121212
0 0.307642 0.285683 0.057312 0.108915
1 0.355567 0.292710 0.052372 0.101888
1 0.396574 0.297980 0.061265 0.091348
0 0.419302 0.245279 0.067194 0.094862
0 0.398057 0.412165 0.072134 0.147563
0 0.457839 0.425340 0.077075 0.163373
0 0.526515 0.432367 0.078063 0.159859
0 0.608037 0.449056 0.096838 0.193237
0 0.444499 0.341019 0.076087 0.117699
0 0.514163 0.347167 0.083004 0.140536
0 0.517622 0.276021 0.054348 0.110672
0 0.565053 0.290953 0.058300 0.119455
0 0.621377 0.294466 0.078063 0.126482
3 0.553195 0.224199 0.062253 0.091348
3 0.608037 0.225077 0.069170 0.093105
3 0.668808 0.243522 0.062253 0.122969
0 0.748353 0.208388 0.067194 0.115942
0 0.815547 0.484190 0.092885 0.228371
3 0.826416 0.319939 0.079051 0.149319
3 0.901515 0.353316 0.075099 0.135266
3 0.974473 0.381423 0.051054 0.107159
3 0.857049 0.277778 0.065217 0.128239
3 0.972003 0.319939 0.055994 0.096618
0 0.964262 0.254062 0.070158 0.108915