1 0.215363 0.575903 0.144033 0.230453
1 0.628429 0.343621 0.095679 0.164609
3 0.277092 0.244856 0.080247 0.120713
3 0.339335 0.236626 0.064815 0.133516
0 0.355281 0.403978 0.086420 0.215821
0 0.427298 0.416781 0.104938 0.186557
6 0.462791 0.273205 0.081276 0.155464
6 0.530178 0.318016 0.092593 0.164609
3 0.360940 0.159808 0.050412 0.104252
3 0.408779 0.173525 0.076132 0.087791
3 0.624829 0.158893 0.072016 0.109739
3 0.726166 0.171696 0.087449 0.128029
3 0.885117 0.283265 0.074074 0.139003
3 0.948731 0.314358 0.102538 0.128029
3 0.941529 0.594193 0.116941 0.248743
0 0.804870 0.526520 0.131687 0.234111
7 0.960048 0.239369 0.079904 0.146319