9 0.338274 0.588713 0.162055 0.303909
6 0.733037 0.478041 0.103755 0.216074
0 0.402503 0.420949 0.057312 0.161616
0 0.609025 0.448177 0.090909 0.184453
0 0.519104 0.260211 0.045455 0.061484
0 0.420784 0.227712 0.040514 0.049188
0 0.570487 0.276899 0.039526 0.119455
0 0.751812 0.211902 0.074111 0.115942
0 0.311100 0.292710 0.042490 0.091348
5 0.967721 0.244401 0.057312 0.072025
5 0.972661 0.306763 0.053360 0.059728
5 0.900527 0.363856 0.079051 0.128239
3 0.187088 0.434124 0.069170 0.145806
3 0.265646 0.364734 0.052372 0.105402
3 0.354084 0.294466 0.051383 0.105402
3 0.403491 0.292710 0.063241 0.094862
3 0.451910 0.442907 0.088933 0.180940
3 0.448452 0.331357 0.066206 0.073781
3 0.517128 0.326087 0.075099 0.091348
3 0.553689 0.203996 0.039526 0.061484
3 0.611001 0.216293 0.051383 0.061484
3 0.665843 0.238252 0.034585 0.094862
3 0.624835 0.293588 0.086957 0.107159
3 0.828887 0.319939 0.072134 0.131752
3 0.865448 0.276899 0.050395 0.105402
4 0.969532 0.391085 0.060935 0.115942
5 0.521574 0.449934 0.076087 0.187967