9 0.527009 0.942358 0.136364 0.115283
1 0.360013 0.160957 0.055336 0.084321
3 0.284914 0.245279 0.063241 0.084321
3 0.406456 0.177646 0.069170 0.068511
3 0.604084 0.169741 0.081028 0.094862
3 0.721673 0.182038 0.081028 0.112429
3 0.879776 0.274264 0.083004 0.117699
3 0.951910 0.309398 0.073123 0.128239
3 0.958333 0.231225 0.052372 0.077295
3 0.935112 0.573781 0.118577 0.228371
0 0.234025 0.567633 0.099802 0.202020
0 0.361495 0.397233 0.080040 0.163373
0 0.444993 0.413922 0.090909 0.168643
0 0.346179 0.225077 0.059289 0.117699
0 0.465744 0.276899 0.084980 0.140536
0 0.526515 0.292710 0.078063 0.147563
0 0.605072 0.310277 0.069170 0.144049
0 0.809618 0.486825 0.116601 0.191480