9 0.338274 0.586957 0.162055 0.300395
6 0.738472 0.473650 0.104743 0.217830
0 0.403491 0.420949 0.055336 0.175670
0 0.521080 0.439394 0.069170 0.177426
0 0.606061 0.447299 0.088933 0.189723
0 0.746377 0.208388 0.065217 0.105402
0 0.520092 0.250549 0.039526 0.059728
0 0.571476 0.278656 0.043478 0.129996
5 0.973485 0.284805 0.053030 0.072025
0 0.970026 0.394598 0.059947 0.108915
3 0.187088 0.432367 0.081028 0.142292
3 0.267128 0.364734 0.059289 0.112429
3 0.313570 0.297101 0.045455 0.107159
3 0.359025 0.293588 0.045455 0.107159
3 0.400033 0.297101 0.060277 0.100132
3 0.423254 0.236495 0.039526 0.059728
3 0.452899 0.322574 0.055336 0.070268
3 0.516634 0.320817 0.064229 0.080808
3 0.447464 0.432367 0.076087 0.159859
3 0.549736 0.215415 0.035573 0.052701
3 0.611989 0.225955 0.053360 0.073781
3 0.661397 0.242644 0.045455 0.121212
3 0.621871 0.303250 0.084980 0.108915
3 0.831851 0.319939 0.080040 0.131752
3 0.905468 0.355951 0.077075 0.129996
3 0.857543 0.261968 0.052372 0.082565
3 0.968215 0.246157 0.060277 0.079051