3 0.190053 0.420070 0.075099 0.135266
0 0.274539 0.352437 0.070158 0.115942
3 0.310606 0.284805 0.045455 0.103645
5 0.355072 0.292710 0.057312 0.108915
5 0.403985 0.284805 0.056324 0.103645
0 0.414361 0.223320 0.031621 0.050944
9 0.289855 0.594862 0.179842 0.288098
0 0.400527 0.424462 0.069170 0.172156
0 0.461792 0.426219 0.071146 0.179183
0 0.521574 0.435881 0.070158 0.177426
0 0.605072 0.440272 0.102767 0.186210
3 0.435112 0.321695 0.039526 0.057971
0 0.517622 0.343654 0.078063 0.126482
0 0.515646 0.250549 0.032609 0.052701
0 0.565547 0.282170 0.059289 0.108915
0 0.623353 0.294466 0.083992 0.122969
0 0.553689 0.206632 0.031621 0.056214
3 0.609519 0.225077 0.060277 0.086078
3 0.668314 0.244401 0.059289 0.114185
3 0.742918 0.211902 0.076087 0.108915
0 0.812582 0.480676 0.092885 0.228371
0 0.827404 0.315547 0.073123 0.147563
3 0.904480 0.350681 0.077075 0.140536
3 0.977931 0.388450 0.044137 0.100132
3 0.854578 0.249671 0.032609 0.072025
0 0.976449 0.308520 0.047101 0.077295
3 0.969532 0.253184 0.060935 0.103645