9 0.364954 0.771080 0.258893 0.457839
3 0.942523 0.205753 0.050395 0.103645
3 0.938076 0.384058 0.057312 0.144049
1 0.444005 0.109135 0.057312 0.079051
1 0.735013 0.161836 0.044466 0.110672
0 0.383811 0.156017 0.068676 0.122969
0 0.501400 0.110343 0.041996 0.108915
0 0.385046 0.338274 0.095850 0.192358
0 0.495224 0.235946 0.069170 0.121212
0 0.553771 0.236825 0.066700 0.084321
0 0.541914 0.405907 0.109190 0.259113
0 0.568429 0.163043 0.053854 0.107159
0 0.624012 0.181928 0.069170 0.125604
0 0.692194 0.117809 0.037549 0.051823
0 0.682312 0.226285 0.067194 0.168643
0 0.898962 0.148551 0.049901 0.072903
0 0.884634 0.200373 0.050889 0.067633
0 0.873518 0.297431 0.058300 0.156346
0 0.831769 0.416886 0.070652 0.124726
0 0.795455 0.603096 0.106719 0.317962