9 0.372365 0.777229 0.273715 0.445542
3 0.945982 0.215415 0.057312 0.119455
3 0.943017 0.388450 0.075099 0.142292
4 0.447958 0.110013 0.047431 0.080808
0 0.372137 0.156611 0.086272 0.103375
0 0.384869 0.340050 0.102615 0.185129
0 0.531000 0.385995 0.071070 0.221614
0 0.495085 0.237689 0.062329 0.134455
0 0.551903 0.238365 0.062709 0.095267
0 0.502686 0.117761 0.053968 0.112158
0 0.573756 0.151881 0.053208 0.102024
0 0.623543 0.180596 0.082092 0.133779
0 0.686062 0.104923 0.060429 0.087835
0 0.742880 0.154584 0.064609 0.097970
0 0.690433 0.220122 0.058528 0.162832
0 0.897753 0.142084 0.037625 0.062160
0 0.885211 0.195123 0.055108 0.065538
0 0.871719 0.294106 0.057768 0.164859
0 0.830863 0.408291 0.064989 0.143238
0 0.796278 0.586664 0.093113 0.262153