1 0.218964 0.585048 0.108025 0.201189
0 0.336763 0.406722 0.074074 0.144490
0 0.432442 0.415866 0.098765 0.155464
0 0.460219 0.283265 0.084362 0.171925
3 0.531207 0.305213 0.102881 0.131687
1 0.623285 0.339963 0.114198 0.128029
5 0.272977 0.254001 0.069959 0.117055
5 0.331104 0.230224 0.085391 0.142661
5 0.350652 0.147920 0.066872 0.131687
5 0.403635 0.181756 0.069959 0.096936
5 0.626886 0.163466 0.067901 0.122542
5 0.717421 0.189986 0.084362 0.124371
5 0.883059 0.276863 0.049383 0.144490
7 0.958162 0.210105 0.059671 0.102423
6 0.945816 0.315272 0.098765 0.115226
0 0.808985 0.524691 0.115226 0.201189
3 0.940158 0.570416 0.103909 0.197531