9 0.365448 0.771959 0.255929 0.456082
3 0.938076 0.204875 0.045455 0.101888
3 0.942029 0.387571 0.073123 0.137022
1 0.448452 0.112648 0.048419 0.075538
1 0.739460 0.162714 0.051383 0.108915
0 0.381588 0.153821 0.065217 0.102767
0 0.388011 0.338274 0.109684 0.176548
0 0.534750 0.386144 0.071146 0.249451
0 0.497447 0.230676 0.074605 0.142292
0 0.552783 0.237703 0.064723 0.093105
0 0.575264 0.146794 0.052372 0.097497
0 0.624671 0.184563 0.065217 0.137901
0 0.503376 0.112978 0.046937 0.096618
0 0.684783 0.111221 0.048419 0.079051
0 0.690711 0.213988 0.050395 0.168643
0 0.898386 0.146355 0.051383 0.079051
0 0.885293 0.191151 0.059783 0.073781
0 0.868742 0.291722 0.071146 0.153711
0 0.834898 0.408103 0.084486 0.131752
0 0.792161 0.587432 0.103755 0.262626