9 0.340250 0.592227 0.162055 0.317962
6 0.737484 0.475406 0.090909 0.214317
0 0.403985 0.420949 0.062253 0.172156
0 0.606061 0.449056 0.088933 0.196750
0 0.514657 0.256697 0.046443 0.068511
0 0.571476 0.268116 0.043478 0.108915
0 0.748353 0.210145 0.073123 0.112429
0 0.309618 0.305007 0.051383 0.105402
5 0.969203 0.249671 0.058300 0.089592
5 0.421278 0.232982 0.039526 0.049188
5 0.899045 0.362978 0.076087 0.151076
4 0.971509 0.385815 0.056982 0.161616
3 0.830863 0.325209 0.074111 0.135266
3 0.864954 0.272508 0.049407 0.089592
3 0.666337 0.240887 0.051383 0.110672
3 0.615942 0.229469 0.045455 0.084321
3 0.552207 0.215415 0.030632 0.066755
3 0.623847 0.297101 0.086957 0.114185
3 0.356555 0.292710 0.038538 0.101888
3 0.270092 0.363856 0.061265 0.114185
3 0.184124 0.430610 0.063241 0.145806
3 0.402997 0.290075 0.056324 0.093105
5 0.526515 0.442029 0.070158 0.168643
3 0.450428 0.435002 0.082016 0.165130
3 0.449934 0.323452 0.057312 0.093105
3 0.520586 0.327844 0.074111 0.094862
3 0.973485 0.308520 0.053030 0.059728