3 0.191535 0.426219 0.080040 0.154589
9 0.298748 0.601010 0.183794 0.300395
0 0.401515 0.428854 0.071146 0.166886
0 0.458827 0.428854 0.077075 0.166886
0 0.526021 0.437637 0.081028 0.184453
0 0.605567 0.438516 0.093874 0.189723
3 0.433630 0.321695 0.044466 0.061484
0 0.517622 0.335749 0.085968 0.145806
0 0.517622 0.240887 0.036561 0.047431
0 0.565547 0.279534 0.057312 0.117699
0 0.626318 0.300615 0.080040 0.135266
3 0.549736 0.211023 0.039526 0.043917
3 0.612484 0.225077 0.052372 0.089592
3 0.666831 0.241765 0.056324 0.112429
3 0.741436 0.213658 0.079051 0.119455
0 0.268610 0.352437 0.068182 0.122969
3 0.313570 0.282170 0.041502 0.094862
5 0.355072 0.293588 0.057312 0.117699
0 0.403985 0.285683 0.052372 0.119455
0 0.416831 0.225077 0.028656 0.061484
0 0.812582 0.480676 0.096838 0.228371
0 0.827404 0.317303 0.073123 0.144049
3 0.903985 0.351559 0.068182 0.142292
3 0.975461 0.387571 0.049078 0.108915
0 0.856555 0.246157 0.032609 0.075538
0 0.975955 0.308520 0.048090 0.084321
3 0.971179 0.237374 0.030632 0.072025