9 0.056653 0.851042 0.113305 0.288356
0 0.271574 0.344532 0.052372 0.093105
0 0.422266 0.225955 0.033597 0.052701
0 0.402009 0.420070 0.060277 0.145806
0 0.462780 0.420070 0.059289 0.156346
0 0.523551 0.433245 0.066206 0.165130
0 0.601614 0.435881 0.080040 0.170400
0 0.523551 0.247914 0.032609 0.064998
0 0.566535 0.285683 0.057312 0.087835
0 0.551713 0.208388 0.035573 0.052701
0 0.743412 0.208388 0.071146 0.112429
0 0.856061 0.232982 0.043478 0.073781
5 0.776515 0.476285 0.085968 0.177426
3 0.829381 0.319060 0.077075 0.140536
3 0.904480 0.343654 0.065217 0.126482
3 0.981390 0.377031 0.037220 0.080808
3 0.976449 0.305007 0.047101 0.070268
3 0.970685 0.240009 0.035573 0.059728
3 0.193017 0.421827 0.073123 0.131752
3 0.314065 0.281291 0.042490 0.093105
3 0.353590 0.283926 0.040514 0.094862
3 0.398057 0.289196 0.052372 0.080808
3 0.445487 0.326087 0.050395 0.070268
3 0.517622 0.319939 0.068182 0.100132
3 0.612978 0.225077 0.043478 0.075538
3 0.669302 0.232104 0.049407 0.096618