3 0.403491 0.182038 0.063241 0.070268
3 0.602108 0.164471 0.069170 0.091348
3 0.723650 0.177646 0.067194 0.107159
3 0.873847 0.275143 0.079051 0.105402
3 0.962121 0.313790 0.075758 0.094862
3 0.957345 0.236495 0.052372 0.087835
1 0.357049 0.162714 0.053360 0.084321
0 0.225626 0.565876 0.110672 0.170400
0 0.367918 0.394598 0.067194 0.158103
0 0.446476 0.409530 0.089921 0.187967
0 0.813570 0.489460 0.096838 0.196750
0 0.941864 0.553579 0.116271 0.219587
0 0.339262 0.225955 0.045455 0.112429
0 0.471179 0.265481 0.062253 0.138779
0 0.523551 0.294466 0.078063 0.140536
0 0.604084 0.309398 0.077075 0.135266
5 0.284420 0.240009 0.056324 0.080808
9 0.615942 0.937088 0.138340 0.125823