9 0.339262 0.587835 0.164032 0.309179
6 0.734519 0.478920 0.106719 0.228371
0 0.264657 0.351559 0.054348 0.117699
0 0.398551 0.420949 0.053360 0.168643
0 0.602602 0.464866 0.078063 0.228371
0 0.516140 0.255819 0.043478 0.059728
0 0.571476 0.276899 0.037549 0.126482
0 0.621377 0.297980 0.076087 0.105402
0 0.745389 0.213658 0.059289 0.122969
4 0.971179 0.395477 0.054348 0.082565
3 0.193017 0.433245 0.077075 0.144049
3 0.312088 0.294466 0.044466 0.091348
3 0.353590 0.296223 0.052372 0.101888
3 0.401021 0.290953 0.060277 0.098375
3 0.417819 0.228590 0.036561 0.050944
3 0.453887 0.322574 0.061265 0.070268
3 0.518116 0.341897 0.075099 0.112429
3 0.453887 0.443786 0.081028 0.161616
3 0.524045 0.449934 0.077075 0.173913
3 0.551713 0.214537 0.035573 0.061484
3 0.613966 0.214537 0.055336 0.054458
3 0.665843 0.235617 0.050395 0.100132
3 0.831357 0.324330 0.077075 0.129996
3 0.901515 0.355951 0.067194 0.129996
3 0.858531 0.262846 0.048419 0.070268
3 0.971673 0.262846 0.055336 0.084321
3 0.982543 0.290953 0.031621 0.091348