1 0.220508 0.574074 0.168724 0.245085
0 0.344993 0.405807 0.088477 0.190215
0 0.429355 0.421353 0.106996 0.184728
0 0.804870 0.539323 0.139918 0.256059
3 0.283265 0.245770 0.063786 0.104252
3 0.335219 0.235711 0.073045 0.146319
3 0.357339 0.164380 0.059671 0.128029
3 0.411351 0.180841 0.083333 0.073160
3 0.607853 0.144262 0.079218 0.120713
3 0.720508 0.163466 0.090535 0.122542
6 0.460219 0.275949 0.084362 0.153635
6 0.537894 0.312529 0.095679 0.175583
6 0.883059 0.282350 0.086420 0.148148
6 0.951475 0.318016 0.089506 0.153635
3 0.941529 0.607910 0.116941 0.279835
1 0.627401 0.336305 0.108025 0.164609
7 0.962277 0.242112 0.072016 0.140832