1 0.223594 0.587791 0.117284 0.213992
0 0.339849 0.411294 0.090535 0.190215
0 0.429870 0.435071 0.128601 0.171925
3 0.272462 0.252172 0.068930 0.128029
3 0.329561 0.217421 0.080247 0.157293
3 0.348594 0.144262 0.075103 0.146319
3 0.408779 0.155235 0.088477 0.124371
3 0.626372 0.154321 0.083333 0.126200
3 0.726680 0.184499 0.057613 0.139003
7 0.959191 0.226566 0.065844 0.113397
0 0.464335 0.285094 0.080247 0.157293
3 0.537380 0.310700 0.102881 0.124371
1 0.628944 0.348194 0.113169 0.133516
0 0.804870 0.519204 0.137860 0.215821
3 0.946845 0.566758 0.102881 0.193873
3 0.886660 0.282350 0.068930 0.144490
6 0.952846 0.316187 0.094307 0.139003