9 0.366436 0.773715 0.267787 0.452569
3 0.945487 0.211902 0.050395 0.101888
3 0.937088 0.378788 0.059289 0.140536
1 0.443017 0.110892 0.047431 0.082565
1 0.670290 0.132850 0.035573 0.063241
1 0.734025 0.159201 0.056324 0.087835
1 0.890646 0.211902 0.041502 0.066755
0 0.379915 0.155136 0.067090 0.097081
0 0.497972 0.124625 0.041086 0.095231
0 0.383295 0.339590 0.097774 0.171971
0 0.530216 0.376573 0.061889 0.220049
0 0.497452 0.230489 0.056688 0.127592
0 0.556220 0.243896 0.070210 0.104477
0 0.568702 0.155599 0.048367 0.098005
0 0.629551 0.188421 0.063969 0.148857
0 0.693607 0.224017 0.043686 0.155329
0 0.897563 0.146815 0.029644 0.084137
0 0.871819 0.288738 0.054088 0.140536
0 0.831253 0.407546 0.068650 0.124818
0 0.797361 0.577668 0.084772 0.248711