9 0.338768 0.589592 0.166996 0.302152
6 0.736495 0.478920 0.108696 0.224857
0 0.399045 0.424462 0.044466 0.165130
0 0.522068 0.434124 0.079051 0.170400
0 0.606555 0.443786 0.087945 0.179183
0 0.512187 0.255819 0.039526 0.056214
0 0.570982 0.275143 0.040514 0.129996
0 0.746377 0.209267 0.063241 0.107159
4 0.971509 0.398990 0.056982 0.093105
3 0.188076 0.430610 0.065217 0.142292
3 0.268116 0.367369 0.065217 0.124726
3 0.314065 0.299736 0.044466 0.094862
3 0.353096 0.296223 0.045455 0.101888
3 0.400527 0.290953 0.061265 0.098375
3 0.419796 0.237374 0.030632 0.061484
3 0.449440 0.324330 0.062253 0.073781
3 0.516634 0.320817 0.066206 0.070268
3 0.448452 0.435881 0.080040 0.152833
3 0.545784 0.219807 0.035573 0.064998
3 0.613472 0.222442 0.056324 0.066755
3 0.666831 0.239130 0.046443 0.110672
3 0.622365 0.301493 0.076087 0.112429
3 0.832345 0.319060 0.071146 0.140536
3 0.902009 0.354194 0.068182 0.133509
3 0.862484 0.283926 0.050395 0.105402
3 0.961792 0.266359 0.041502 0.091348
3 0.981555 0.296223 0.033597 0.087835