1 0.222051 0.585048 0.124486 0.223137
1 0.631001 0.365569 0.109053 0.186557
0 0.342936 0.402149 0.088477 0.201189
0 0.422154 0.421353 0.090535 0.184728
6 0.454047 0.296068 0.067901 0.157293
6 0.525034 0.314358 0.109053 0.128029
3 0.272977 0.241198 0.065844 0.120713
3 0.328532 0.227481 0.076132 0.137174
3 0.356310 0.154321 0.049383 0.115226
3 0.404664 0.179012 0.080247 0.098765
3 0.608882 0.166209 0.066872 0.109739
3 0.721536 0.192730 0.061728 0.140832
3 0.889232 0.305213 0.082305 0.149977
3 0.954904 0.332647 0.090192 0.164609
0 0.806927 0.520119 0.144033 0.217650
3 0.938100 0.609739 0.110082 0.305441
7 0.953532 0.239369 0.081276 0.168267