9 0.376812 0.764054 0.262846 0.471892
3 0.946970 0.203996 0.047431 0.138779
3 0.923748 0.382301 0.066206 0.154589
0 0.388199 0.340430 0.114813 0.184035
0 0.521127 0.406933 0.088933 0.241755
0 0.499718 0.235028 0.056465 0.140536
0 0.558065 0.260960 0.074346 0.125478
0 0.392904 0.152212 0.060230 0.132171
0 0.442782 0.112059 0.062112 0.090344
0 0.497835 0.112059 0.063994 0.125478
0 0.571476 0.167270 0.054113 0.115440
0 0.624647 0.189856 0.065406 0.130498
0 0.679465 0.126698 0.049878 0.074451
0 0.682289 0.222898 0.055524 0.166468
0 0.736166 0.167270 0.051289 0.110421
0 0.895288 0.140919 0.055524 0.079470
0 0.884231 0.198639 0.056936 0.064412
0 0.869879 0.294421 0.070582 0.165631
0 0.834118 0.417390 0.075287 0.147228
0 0.796474 0.595151 0.098814 0.300312