0 0.230567 0.563241 0.100791 0.179183
0 0.366930 0.403382 0.073123 0.161616
0 0.450922 0.414800 0.090909 0.184453
0 0.339756 0.217172 0.050395 0.119455
0 0.461298 0.269873 0.072134 0.140536
0 0.612484 0.321695 0.080040 0.166886
0 0.807148 0.494730 0.115613 0.203777
1 0.359025 0.168863 0.041502 0.089592
9 0.486989 0.935332 0.121542 0.129336
3 0.280468 0.240009 0.048419 0.094862
3 0.405962 0.178524 0.052372 0.070268
3 0.606061 0.157444 0.053360 0.077295
3 0.720685 0.172376 0.061265 0.096618
3 0.942358 0.580808 0.115283 0.235397
6 0.892128 0.272508 0.083992 0.093105
6 0.962286 0.304128 0.070158 0.114185
3 0.949934 0.220685 0.053360 0.108915
3 0.535902 0.290075 0.086957 0.149319