9 0.283503 0.594938 0.161290 0.298243
9 0.818648 0.471481 0.099064 0.221249
0 0.183692 0.421921 0.065711 0.139829
0 0.279271 0.352892 0.064715 0.134519
0 0.403973 0.279880 0.042314 0.084075
0 0.392274 0.411301 0.045798 0.148679
0 0.457736 0.427674 0.063222 0.163724
0 0.528923 0.433426 0.059239 0.173459
0 0.608821 0.444931 0.079650 0.176999
0 0.452011 0.316607 0.043807 0.077880
0 0.518718 0.249347 0.024890 0.054870
0 0.630227 0.297580 0.066706 0.112394
0 0.795998 0.259082 0.001991 0.010620
0 0.747959 0.208638 0.076165 0.097349
0 0.827111 0.311739 0.076165 0.131864
0 0.973915 0.380327 0.052170 0.102659
3 0.966497 0.244480 0.046296 0.082305
3 0.908751 0.347582 0.064217 0.134519
3 0.860464 0.236515 0.046296 0.055755
3 0.572232 0.276340 0.042314 0.119474
3 0.547840 0.209080 0.030366 0.059295
3 0.615791 0.201558 0.053763 0.072570
3 0.673785 0.234302 0.043309 0.100889
3 0.368628 0.266162 0.038331 0.116819
3 0.317354 0.276340 0.056252 0.089384
0 0.420400 0.226780 0.043309 0.038055
3 0.516726 0.318819 0.068698 0.094694
7 0.974661 0.299792 0.050677 0.061950