9 0.293314 0.606280 0.170949 0.360123
3 0.187088 0.424462 0.077075 0.140536
0 0.272068 0.355951 0.069170 0.122969
0 0.315547 0.281291 0.041502 0.107159
6 0.354084 0.290953 0.047431 0.115942
3 0.394598 0.290075 0.053360 0.103645
0 0.423254 0.240009 0.051383 0.080808
0 0.401515 0.422705 0.067194 0.172156
0 0.459816 0.420949 0.071146 0.172156
0 0.524045 0.435002 0.081028 0.175670
0 0.608037 0.456083 0.092885 0.203777
3 0.441041 0.322574 0.063241 0.077295
3 0.518610 0.337505 0.078063 0.142292
3 0.520092 0.247914 0.031621 0.064998
0 0.567029 0.290953 0.058300 0.122969
0 0.621871 0.297101 0.073123 0.117699
3 0.551713 0.213658 0.041502 0.070268
3 0.608531 0.220685 0.060277 0.091348
3 0.671278 0.242644 0.051383 0.114185
0 0.746871 0.207510 0.076087 0.135266
0 0.816535 0.486825 0.094862 0.230127
3 0.826910 0.318182 0.076087 0.152833
3 0.902009 0.351559 0.068182 0.131752
3 0.977437 0.381423 0.045125 0.107159
3 0.864460 0.265481 0.048419 0.100132
0 0.974473 0.317303 0.051054 0.087835
0 0.967556 0.257576 0.064888 0.105402