9 0.374341 0.765261 0.273715 0.463768
3 0.943511 0.208388 0.058300 0.122969
3 0.938570 0.387571 0.066206 0.151076
1 0.891140 0.211902 0.048419 0.052701
1 0.667819 0.132850 0.052372 0.073781
1 0.731555 0.153931 0.055336 0.112429
1 0.444005 0.104743 0.045455 0.080808
0 0.373435 0.150747 0.074605 0.119455
0 0.499671 0.117369 0.054348 0.101888
0 0.383070 0.334761 0.103755 0.176548
0 0.529068 0.380435 0.060771 0.222222
0 0.491518 0.228041 0.066700 0.137022
0 0.547596 0.237264 0.059289 0.104523
0 0.568099 0.144598 0.056818 0.107159
0 0.620718 0.188955 0.061265 0.141414
0 0.694005 0.228920 0.048090 0.163373
0 0.892457 0.141524 0.045455 0.069390
0 0.866766 0.297431 0.063241 0.149319
0 0.831933 0.410738 0.072628 0.119455
0 0.797349 0.587725 0.096344 0.262626