9 0.337780 0.592227 0.165020 0.300395
3 0.188076 0.430610 0.065217 0.142292
3 0.266634 0.362099 0.062253 0.114185
3 0.311100 0.296223 0.044466 0.087835
3 0.354084 0.295345 0.047431 0.100132
3 0.400527 0.293588 0.057312 0.096618
3 0.447958 0.332235 0.069170 0.064998
3 0.519104 0.319060 0.071146 0.077295
3 0.524539 0.435002 0.076087 0.161616
3 0.450922 0.438516 0.079051 0.168643
3 0.829875 0.326087 0.072134 0.133509
3 0.902009 0.360343 0.076087 0.138779
3 0.861989 0.283926 0.051383 0.105402
3 0.966733 0.252306 0.063241 0.084321
3 0.974967 0.304128 0.050066 0.054458
3 0.612484 0.218050 0.048419 0.054458
3 0.668808 0.242644 0.048419 0.110672
5 0.420290 0.230347 0.043478 0.050944
5 0.971509 0.382301 0.056982 0.129996
0 0.399539 0.424462 0.055336 0.175670
0 0.607049 0.456961 0.090909 0.209047
0 0.518116 0.260211 0.043478 0.079051
3 0.542325 0.223320 0.022727 0.075538
0 0.746377 0.205753 0.061265 0.114185
6 0.730072 0.495608 0.123518 0.244181
6 0.625329 0.305007 0.078063 0.105402
6 0.569499 0.277778 0.039526 0.121212