9 0.337780 0.589592 0.163043 0.316206
6 0.733531 0.478041 0.104743 0.205534
0 0.312088 0.299736 0.052372 0.091348
0 0.403491 0.422705 0.055336 0.165130
0 0.521574 0.435002 0.070158 0.168643
0 0.606555 0.442907 0.087945 0.187967
0 0.514163 0.256697 0.043478 0.068511
0 0.573452 0.274264 0.049407 0.124726
0 0.746871 0.210145 0.062253 0.108915
5 0.968215 0.248792 0.060277 0.084321
5 0.419302 0.230347 0.043478 0.054458
3 0.187582 0.430610 0.066206 0.142292
3 0.270092 0.351559 0.065217 0.128239
3 0.354084 0.295345 0.047431 0.107159
3 0.401021 0.292710 0.054348 0.091348
3 0.451910 0.326965 0.059289 0.072025
3 0.449440 0.437637 0.072134 0.152833
3 0.515646 0.322574 0.064229 0.070268
3 0.551219 0.218050 0.028656 0.072025
3 0.611989 0.215415 0.053360 0.063241
3 0.667325 0.237374 0.045455 0.100132
3 0.626318 0.302372 0.070158 0.103645
3 0.828887 0.325209 0.074111 0.131752
3 0.865448 0.281291 0.050395 0.103645
5 0.905962 0.348924 0.058300 0.158103
4 0.968215 0.377031 0.060277 0.154589
3 0.973650 0.310277 0.049407 0.049188