9 0.269104 0.774594 0.217391 0.450812
1 0.370389 0.219807 0.036561 0.064998
1 0.430171 0.159201 0.033597 0.063241
1 0.595191 0.147782 0.039526 0.057971
1 0.639657 0.150417 0.035573 0.056214
1 0.682642 0.151296 0.040514 0.072025
1 0.806159 0.157444 0.044466 0.073781
1 0.856555 0.169741 0.042490 0.066755
1 0.804183 0.211902 0.060277 0.066755
8 0.488966 0.153052 0.042490 0.152833
4 0.489460 0.357708 0.077075 0.098375
4 0.458333 0.187308 0.040514 0.045674
0 0.706851 0.581686 0.114625 0.219587
3 0.200428 0.456083 0.064229 0.091348
3 0.244401 0.355072 0.053360 0.093105
3 0.286891 0.341897 0.043478 0.108915
3 0.400527 0.217172 0.045455 0.077295
3 0.385211 0.449056 0.064229 0.147563
3 0.465744 0.500878 0.084980 0.124726
3 0.419796 0.329600 0.050395 0.098375
3 0.554677 0.260211 0.061265 0.072025
3 0.602108 0.196970 0.043478 0.075538
3 0.617424 0.264603 0.056324 0.108915
3 0.859025 0.232104 0.055336 0.096618
3 0.805665 0.280413 0.071146 0.126482
3 0.884223 0.454326 0.074111 0.193237
3 0.786891 0.433245 0.083004 0.137022
3 0.829381 0.646684 0.104743 0.223101
4 0.661891 0.217172 0.072134 0.084321
5 0.348650 0.269873 0.056324 0.112429
1 0.306159 0.267238 0.042490 0.079051
0 0.491930 0.241765 0.062253 0.087835
1 0.560606 0.185551 0.049407 0.091348
4 0.166831 0.436759 0.042490 0.094862
1 0.879776 0.324330 0.059289 0.137022