9 0.339262 0.584321 0.164032 0.298639
6 0.736001 0.471893 0.103755 0.221344
0 0.402009 0.415679 0.060277 0.158103
0 0.520586 0.441151 0.076087 0.184453
0 0.606061 0.443786 0.088933 0.182697
0 0.518610 0.251427 0.042490 0.054458
0 0.571476 0.275143 0.037549 0.122969
0 0.746871 0.205753 0.060277 0.110672
4 0.967721 0.388450 0.059289 0.103645
5 0.981390 0.297101 0.037220 0.096618
3 0.189559 0.430610 0.078063 0.149319
3 0.265151 0.366491 0.055336 0.108915
3 0.318017 0.292710 0.044466 0.101888
3 0.355567 0.291831 0.050395 0.107159
3 0.400527 0.296223 0.061265 0.094862
3 0.419302 0.234739 0.039526 0.059728
3 0.451416 0.326087 0.058300 0.077295
3 0.449934 0.435002 0.069170 0.161616
3 0.514657 0.306763 0.062253 0.073781
3 0.549736 0.218928 0.027668 0.080808
3 0.611989 0.225077 0.053360 0.075538
3 0.667819 0.243522 0.050395 0.115942
3 0.622859 0.304128 0.083004 0.114185
3 0.827404 0.325209 0.073123 0.138779
3 0.861495 0.279534 0.054348 0.096618
3 0.903985 0.362099 0.076087 0.135266
3 0.964097 0.245279 0.071805 0.105402