0 0.212780 0.568511 0.092885 0.175670
0 0.357543 0.394598 0.074111 0.165130
0 0.444499 0.409530 0.083992 0.166886
0 0.282938 0.239130 0.071146 0.079051
0 0.336792 0.219807 0.054348 0.107159
0 0.465250 0.283048 0.066206 0.166886
0 0.526021 0.297980 0.079051 0.154589
0 0.602602 0.315547 0.076087 0.147563
0 0.813570 0.490338 0.126482 0.202020
0 0.931159 0.546552 0.086957 0.209047
9 0.573946 0.908432 0.115613 0.173913
3 0.872859 0.258454 0.081028 0.138779
3 0.961627 0.310277 0.076746 0.091348
3 0.957839 0.232982 0.059289 0.087835
3 0.606555 0.165349 0.078063 0.086078
3 0.722167 0.183794 0.062253 0.115942
3 0.408432 0.177646 0.069170 0.075538
1 0.357049 0.159201 0.049407 0.080808