9 0.581357 0.946750 0.154150 0.106500
1 0.359025 0.161836 0.053360 0.086078
3 0.281456 0.244401 0.066206 0.086078
3 0.404480 0.179403 0.057312 0.068511
3 0.598650 0.160079 0.062253 0.089592
3 0.717227 0.175889 0.060277 0.100132
3 0.882740 0.282170 0.077075 0.122969
3 0.964592 0.306763 0.070816 0.094862
3 0.960804 0.228590 0.051383 0.079051
3 0.936594 0.576416 0.123518 0.244181
6 0.525033 0.291831 0.077075 0.142292
0 0.466238 0.268116 0.062253 0.144049
0 0.600132 0.308520 0.088933 0.140536
0 0.809618 0.495608 0.120553 0.212560
0 0.221673 0.565876 0.094862 0.166886
0 0.440547 0.407773 0.080040 0.177426
0 0.357543 0.400747 0.082016 0.177426
0 0.342227 0.225955 0.055336 0.112429