9 0.296772 0.579051 0.162055 0.302152
1 0.189065 0.418314 0.084980 0.142292
0 0.266140 0.352437 0.084980 0.122969
0 0.309618 0.287440 0.047431 0.119455
0 0.352602 0.287440 0.050395 0.108915
0 0.397068 0.289196 0.054348 0.101888
0 0.422760 0.242644 0.060277 0.086078
0 0.400033 0.417435 0.064229 0.175670
0 0.456851 0.418314 0.071146 0.173913
0 0.526021 0.427097 0.075099 0.170400
0 0.608531 0.446421 0.093874 0.202020
0 0.445982 0.337505 0.065217 0.124726
0 0.519598 0.341019 0.080040 0.138779
0 0.519598 0.276021 0.050395 0.114185
0 0.565547 0.285683 0.051383 0.112429
0 0.623353 0.297980 0.076087 0.119455
3 0.553689 0.224199 0.051383 0.091348
3 0.610507 0.225077 0.070158 0.096618
3 0.675231 0.240009 0.061265 0.122969
0 0.745883 0.206632 0.070158 0.108915
0 0.807148 0.472771 0.103755 0.216074
0 0.964262 0.257576 0.070158 0.108915
0 0.975461 0.321695 0.049078 0.096618
3 0.824934 0.316425 0.076087 0.152833
3 0.900527 0.352437 0.069170 0.133509
3 0.973485 0.383180 0.053030 0.117699
3 0.859025 0.275143 0.057312 0.122969