9 0.336792 0.585200 0.163043 0.310935
6 0.738472 0.477163 0.098814 0.231884
0 0.403491 0.423584 0.063241 0.163373
0 0.526021 0.445542 0.067194 0.168643
0 0.607543 0.443786 0.091897 0.186210
0 0.518610 0.254941 0.052372 0.057971
0 0.572958 0.268994 0.046443 0.110672
0 0.745883 0.205753 0.064229 0.103645
4 0.970026 0.397233 0.059947 0.100132
3 0.190053 0.432367 0.071146 0.145806
3 0.268116 0.363856 0.057312 0.103645
3 0.313076 0.290953 0.046443 0.091348
3 0.357543 0.294466 0.046443 0.105402
3 0.400527 0.292710 0.057312 0.091348
3 0.421278 0.238252 0.039526 0.059728
3 0.447958 0.329600 0.061265 0.070268
3 0.516634 0.320817 0.066206 0.073781
3 0.454875 0.435881 0.083004 0.163373
3 0.622365 0.296223 0.078063 0.105402
3 0.549242 0.218928 0.032609 0.066755
3 0.612978 0.220685 0.055336 0.066755
3 0.665349 0.242644 0.049407 0.110672
3 0.830863 0.319939 0.074111 0.131752
3 0.901515 0.354194 0.071146 0.129996
3 0.862484 0.279534 0.044466 0.100132
3 0.971673 0.256697 0.051383 0.072025
3 0.980896 0.301493 0.038208 0.098375