6 0.882740 0.268116 0.081028 0.101888
6 0.959321 0.304128 0.064229 0.114185
3 0.337286 0.242644 0.069170 0.093105
3 0.409420 0.178524 0.071146 0.070268
3 0.536397 0.304128 0.078063 0.121212
3 0.960804 0.212780 0.047431 0.061484
3 0.935606 0.577295 0.125494 0.235397
1 0.356061 0.164471 0.055336 0.091348
0 0.230072 0.564998 0.101779 0.179183
0 0.366930 0.400747 0.077075 0.156346
0 0.446476 0.405138 0.083992 0.165130
0 0.817523 0.490338 0.112648 0.187967
0 0.615942 0.315547 0.077075 0.161616
0 0.280962 0.237374 0.063241 0.096618
9 0.700922 0.945872 0.108696 0.108256
3 0.478096 0.279534 0.066206 0.166886
3 0.611001 0.162714 0.059289 0.087835
3 0.717227 0.172376 0.060277 0.107159