6 0.794302 0.408652 0.070158 0.165130
6 0.879282 0.440272 0.085968 0.172156
1 0.366436 0.217172 0.028656 0.070268
1 0.430665 0.155687 0.026680 0.073781
1 0.596673 0.149539 0.034585 0.064998
1 0.631752 0.151296 0.029644 0.064998
1 0.677207 0.148661 0.033597 0.066755
1 0.804677 0.158322 0.051383 0.082565
1 0.862978 0.160957 0.037549 0.070268
1 0.807148 0.216293 0.058300 0.057971
4 0.489954 0.352437 0.082016 0.101888
4 0.457839 0.184673 0.033597 0.040404
0 0.559124 0.174133 0.044466 0.086078
9 0.266634 0.790404 0.240119 0.419192
3 0.709816 0.543039 0.110672 0.226614
3 0.829381 0.641414 0.116601 0.223101
3 0.196970 0.457839 0.061265 0.101888
3 0.236495 0.349802 0.033597 0.096618
3 0.276021 0.352437 0.057312 0.091348
3 0.346673 0.276899 0.056324 0.073781
3 0.408432 0.219807 0.053360 0.096618
3 0.391634 0.452569 0.063241 0.140536
3 0.470685 0.503513 0.094862 0.151076
3 0.417325 0.334870 0.055336 0.108915
3 0.554677 0.247036 0.049407 0.080808
3 0.613472 0.259332 0.064229 0.115942
3 0.604084 0.202240 0.053360 0.075538
3 0.662385 0.210145 0.053360 0.084321
3 0.862484 0.229469 0.050395 0.098375
3 0.814065 0.274264 0.072134 0.124726
0 0.313076 0.257576 0.022727 0.091348
0 0.493412 0.240009 0.049407 0.098375
4 0.159914 0.440272 0.038538 0.101888
1 0.873847 0.318182 0.055336 0.103645
0 0.331357 0.443786 0.057312 0.144049