2 0.230567 0.561484 0.102767 0.217830
0 0.365942 0.398990 0.086957 0.159859
0 0.446970 0.420949 0.086957 0.182697
0 0.464262 0.269873 0.070158 0.147563
0 0.527997 0.295345 0.079051 0.156346
0 0.604578 0.318182 0.072134 0.145806
0 0.816041 0.489460 0.139328 0.193237
0 0.336792 0.226834 0.064229 0.121212
1 0.358531 0.158322 0.040514 0.075538
9 0.485507 0.947628 0.100791 0.104743
3 0.284420 0.246157 0.064229 0.100132
3 0.403985 0.177646 0.056324 0.082565
3 0.608037 0.153052 0.055336 0.075538
3 0.718215 0.177646 0.058300 0.110672
6 0.878788 0.273386 0.073123 0.105402
6 0.959816 0.312033 0.065217 0.119455
3 0.961298 0.226834 0.050395 0.064998
3 0.938076 0.578173 0.120553 0.244181