1 0.231310 0.582305 0.169753 0.243256
0 0.355281 0.401235 0.072016 0.177412
0 0.430898 0.419524 0.099794 0.195702
0 0.814129 0.532922 0.129630 0.235940
3 0.278635 0.245770 0.081276 0.107910
3 0.329561 0.237540 0.059671 0.135345
3 0.349623 0.145176 0.062757 0.129858
3 0.399520 0.179012 0.074074 0.106081
3 0.619170 0.161637 0.075103 0.122542
3 0.722051 0.189072 0.073045 0.151806
3 0.879973 0.289666 0.084362 0.093278
3 0.947359 0.314358 0.085391 0.164609
3 0.942558 0.585048 0.114883 0.267032
6 0.466392 0.287837 0.076132 0.155464
6 0.528635 0.309785 0.077160 0.162780
1 0.623800 0.359168 0.094650 0.213992
7 0.958505 0.228395 0.082990 0.146319