0 0.229252 0.600594 0.120370 0.213992
0 0.349623 0.405807 0.091564 0.215821
0 0.437071 0.423182 0.114198 0.188386
0 0.806927 0.532922 0.139918 0.250572
3 0.277092 0.251257 0.076132 0.107910
3 0.327503 0.234797 0.074074 0.133516
3 0.362483 0.165295 0.053498 0.144490
3 0.410837 0.188157 0.067901 0.095107
3 0.623285 0.156150 0.068930 0.104252
3 0.728224 0.178098 0.085391 0.126200
3 0.879973 0.275034 0.076132 0.104252
3 0.949931 0.321674 0.092593 0.135345
3 0.935528 0.604252 0.121399 0.312757
6 0.467421 0.289666 0.065844 0.181070
6 0.527606 0.321674 0.097737 0.164609
1 0.613512 0.345450 0.106996 0.146319
7 0.955075 0.243941 0.055556 0.177412