9 0.055477 0.808416 0.110014 0.278326
3 0.191535 0.421827 0.074111 0.128239
3 0.312582 0.293588 0.039526 0.089592
3 0.355605 0.283718 0.043326 0.083781
3 0.399311 0.285069 0.041046 0.081078
3 0.666109 0.235747 0.048647 0.098645
3 0.605300 0.222233 0.042566 0.074322
3 0.439090 0.336419 0.036485 0.091889
3 0.511300 0.315474 0.071450 0.068917
3 0.831306 0.316825 0.060809 0.131077
3 0.908077 0.351959 0.065369 0.122969
3 0.975702 0.395876 0.048596 0.110807
3 0.970381 0.247233 0.059238 0.056755
3 0.973802 0.310068 0.052396 0.055404
5 0.798622 0.474928 0.077531 0.220263
0 0.632918 0.291150 0.059289 0.117564
0 0.745794 0.203991 0.053968 0.097294
0 0.566028 0.280340 0.056248 0.101348
0 0.518141 0.253314 0.039526 0.052701
0 0.547025 0.209396 0.033445 0.048647
0 0.418947 0.226963 0.032685 0.035134
0 0.276046 0.351283 0.073731 0.121618
0 0.396524 0.416822 0.057768 0.149995
0 0.459613 0.421551 0.059289 0.170265
0 0.518141 0.426281 0.063849 0.163508
0 0.596813 0.443172 0.078291 0.186480
0 0.854110 0.229666 0.036485 0.056755