9 0.277997 0.771080 0.197628 0.457839
1 0.370883 0.221563 0.029644 0.082565
1 0.430665 0.169741 0.034585 0.080808
1 0.602602 0.146025 0.040514 0.064998
1 0.637187 0.146025 0.034585 0.061484
1 0.678689 0.151296 0.036561 0.072025
1 0.805171 0.164471 0.044466 0.077295
1 0.859025 0.167984 0.039526 0.070268
1 0.804677 0.212780 0.055336 0.072025
1 0.492918 0.254941 0.052372 0.086078
8 0.328393 0.355951 0.075099 0.249451
7 0.304677 0.230347 0.021739 0.064998
4 0.489460 0.352437 0.081028 0.094862
4 0.458333 0.183794 0.034585 0.052701
0 0.554183 0.175889 0.036561 0.086078
0 0.708333 0.582565 0.099802 0.217830
3 0.197464 0.463109 0.076087 0.108915
3 0.236495 0.349802 0.033597 0.100132
3 0.267128 0.347167 0.031621 0.119455
3 0.404480 0.214537 0.053360 0.093105
3 0.418314 0.341019 0.053360 0.114185
3 0.552701 0.256697 0.053360 0.075538
3 0.607049 0.201361 0.047431 0.080808
3 0.613966 0.260211 0.059289 0.114185
3 0.860013 0.225955 0.045455 0.091348
3 0.393610 0.451691 0.079051 0.142292
3 0.466733 0.491217 0.086957 0.119455
3 0.809618 0.277778 0.057312 0.138779
3 0.785902 0.434124 0.092885 0.142292
0 0.881258 0.447299 0.070158 0.158103
3 0.840250 0.652833 0.110672 0.217830
4 0.669302 0.223320 0.069170 0.096618
1 0.876812 0.312033 0.055336 0.105402
4 0.166337 0.450812 0.039526 0.094862