9 0.465744 0.917765 0.128458 0.164470
1 0.356555 0.153931 0.048419 0.077295
3 0.277997 0.240887 0.069170 0.086078
3 0.407938 0.182038 0.064229 0.059728
3 0.603096 0.162714 0.071146 0.087835
3 0.719697 0.175011 0.055336 0.105402
3 0.885705 0.289196 0.083004 0.094862
3 0.963603 0.308520 0.072793 0.091348
3 0.965250 0.234739 0.052372 0.077295
3 0.934618 0.593983 0.127470 0.268775
6 0.528985 0.297980 0.073123 0.126482
0 0.225132 0.572903 0.099802 0.166886
0 0.367424 0.398990 0.072134 0.173913
0 0.443017 0.408652 0.086957 0.172156
0 0.342227 0.225955 0.061265 0.115942
0 0.464262 0.282170 0.068182 0.165130
0 0.602108 0.317303 0.084980 0.158103
0 0.810606 0.485946 0.118577 0.193237