9 0.277997 0.780742 0.203557 0.438516
1 0.373847 0.218050 0.037549 0.057971
1 0.429183 0.158322 0.035573 0.061484
1 0.600132 0.146025 0.041502 0.061484
1 0.638175 0.148661 0.034585 0.059728
1 0.679677 0.152174 0.044466 0.066755
1 0.805171 0.155687 0.038538 0.073781
1 0.863472 0.168863 0.040514 0.075538
1 0.807148 0.214537 0.060277 0.068511
8 0.502306 0.141634 0.051383 0.147563
4 0.490448 0.355072 0.084980 0.096618
4 0.458333 0.189943 0.046443 0.054458
0 0.706851 0.587835 0.116601 0.221344
3 0.202899 0.447299 0.065217 0.087835
3 0.247365 0.345411 0.047431 0.059728
3 0.288867 0.336627 0.047431 0.105402
3 0.348155 0.268994 0.051383 0.075538
3 0.404974 0.220685 0.050395 0.084321
3 0.604578 0.195213 0.042490 0.064998
3 0.614954 0.261968 0.065217 0.117699
3 0.555665 0.268116 0.063241 0.073781
3 0.416831 0.335749 0.064229 0.107159
3 0.390646 0.457839 0.073123 0.172156
3 0.468215 0.495608 0.085968 0.138779
3 0.860013 0.232982 0.047431 0.098375
3 0.812582 0.287440 0.071146 0.144049
3 0.880764 0.457839 0.065217 0.179183
3 0.782938 0.433245 0.086957 0.151076
3 0.826416 0.655468 0.106719 0.209047
4 0.659914 0.217172 0.058300 0.091348
1 0.298254 0.263724 0.040514 0.068511
1 0.557642 0.182038 0.039526 0.091348
0 0.492424 0.249671 0.059289 0.089592
4 0.161891 0.432367 0.038538 0.079051
1 0.884223 0.318182 0.062253 0.117699