9 0.296772 0.593105 0.166008 0.316206
1 0.188076 0.415679 0.075099 0.137022
0 0.272068 0.355951 0.073123 0.108915
1 0.311594 0.285683 0.043478 0.094862
0 0.354084 0.288318 0.051383 0.117699
0 0.394598 0.292710 0.053360 0.105402
0 0.421278 0.241765 0.057312 0.091348
0 0.399539 0.420070 0.075099 0.159859
0 0.459816 0.419192 0.073123 0.158103
0 0.525033 0.430610 0.081028 0.173913
0 0.610507 0.445542 0.093874 0.196750
0 0.446476 0.333992 0.074111 0.124726
0 0.527503 0.321695 0.068182 0.173913
0 0.518116 0.269873 0.041502 0.112429
0 0.567523 0.282170 0.055336 0.122969
0 0.622859 0.294466 0.075099 0.126482
3 0.554677 0.223320 0.055336 0.100132
3 0.609025 0.228590 0.071146 0.103645
3 0.669796 0.233860 0.058300 0.114185
0 0.747365 0.206632 0.063241 0.126482
0 0.810112 0.484190 0.111660 0.231884
0 0.964592 0.261089 0.070816 0.115942
0 0.973485 0.319939 0.053030 0.100132
0 0.827404 0.316425 0.073123 0.145806
3 0.902009 0.353316 0.074111 0.131752
3 0.976449 0.376153 0.047101 0.114185
3 0.855567 0.276021 0.066206 0.117699