5 0.281456 0.239130 0.066206 0.082565
1 0.362484 0.161836 0.044466 0.096618
0 0.224144 0.578173 0.097826 0.205534
0 0.359519 0.398990 0.085968 0.173913
0 0.438076 0.395477 0.073123 0.142292
0 0.818017 0.497365 0.099802 0.202020
0 0.938570 0.570268 0.121542 0.242424
0 0.594203 0.317303 0.069170 0.154589
0 0.527997 0.294466 0.071146 0.137022
0 0.467721 0.274264 0.061265 0.142292
0 0.338768 0.227712 0.064229 0.119455
3 0.601120 0.165349 0.063241 0.089592
3 0.717721 0.180281 0.071146 0.108915
3 0.880270 0.268994 0.093874 0.114185
3 0.955863 0.312033 0.079051 0.091348
3 0.959321 0.231225 0.050395 0.077295
3 0.402009 0.192578 0.060277 0.091348
9 0.592227 0.944993 0.164032 0.110013