9 0.513669 0.930391 0.113636 0.133509
1 0.357049 0.164471 0.051383 0.105402
3 0.280962 0.244401 0.059289 0.093105
3 0.404974 0.176768 0.070158 0.066755
3 0.608037 0.165349 0.067194 0.093105
3 0.719203 0.176768 0.070158 0.105402
3 0.876318 0.281291 0.078063 0.135266
3 0.953393 0.306763 0.078063 0.115942
3 0.958827 0.223320 0.055336 0.061484
3 0.932642 0.594862 0.115613 0.270531
0 0.228096 0.554458 0.095850 0.217830
0 0.817029 0.490338 0.129447 0.194993
0 0.360013 0.406895 0.086957 0.175670
0 0.446970 0.415679 0.094862 0.186210
0 0.473650 0.273386 0.057312 0.161616
0 0.527503 0.297980 0.072134 0.147563
0 0.604578 0.319939 0.070158 0.159859
0 0.342227 0.226834 0.065217 0.103645