9 0.296278 0.581686 0.166996 0.310935
1 0.186100 0.424462 0.075099 0.140536
1 0.313076 0.282170 0.040514 0.101888
1 0.350132 0.290953 0.043478 0.105402
0 0.272563 0.351559 0.062253 0.114185
0 0.393116 0.291831 0.060277 0.103645
0 0.422266 0.244401 0.057312 0.086078
0 0.400033 0.418314 0.066206 0.163373
0 0.460310 0.419192 0.074111 0.168643
0 0.527997 0.435881 0.079051 0.173913
0 0.606061 0.441151 0.084980 0.191480
0 0.446970 0.338384 0.071146 0.122969
0 0.521080 0.329600 0.075099 0.168643
0 0.522563 0.285683 0.052372 0.140536
0 0.568511 0.285683 0.055336 0.115942
0 0.623847 0.297101 0.077075 0.135266
3 0.554677 0.221563 0.049407 0.089592
0 0.608037 0.218928 0.067194 0.094862
3 0.669302 0.233860 0.061265 0.114185
0 0.746871 0.208388 0.062253 0.115942
0 0.810606 0.485946 0.102767 0.235397
0 0.828393 0.320817 0.075099 0.147563
0 0.966074 0.254941 0.067852 0.138779
0 0.972661 0.320817 0.051383 0.101888
3 0.977437 0.376153 0.045125 0.107159
3 0.898551 0.352437 0.065217 0.129996
3 0.857049 0.276021 0.061265 0.131752