9 0.363966 0.770202 0.252964 0.459596
3 0.943511 0.212780 0.050395 0.107159
3 0.939559 0.389328 0.062253 0.133509
4 0.444993 0.114405 0.057312 0.082565
0 0.376984 0.155698 0.075758 0.111258
0 0.501678 0.121400 0.054113 0.116277
0 0.388983 0.335132 0.111989 0.177343
0 0.528970 0.382814 0.076699 0.234226
1 0.492267 0.233913 0.073875 0.125478
0 0.552968 0.239350 0.076699 0.101219
0 0.574926 0.156116 0.057877 0.102056
0 0.628568 0.192086 0.071052 0.137190
0 0.691386 0.223038 0.074346 0.165631
0 0.690680 0.108434 0.052230 0.103729
0 0.733735 0.161553 0.064935 0.096200
0 0.886348 0.143568 0.056465 0.085325
0 0.882584 0.192923 0.063994 0.078633
0 0.870114 0.297488 0.062582 0.167305
0 0.828471 0.407909 0.074346 0.128824
0 0.792710 0.604492 0.119518 0.324571