9 0.584321 0.919521 0.116601 0.160957
1 0.359519 0.160957 0.044466 0.091348
3 0.279974 0.242644 0.057312 0.089592
3 0.401515 0.181159 0.065217 0.072025
3 0.601120 0.160079 0.067194 0.086078
3 0.719203 0.177646 0.068182 0.103645
3 0.876318 0.276021 0.080040 0.128239
3 0.961298 0.239130 0.054348 0.082565
3 0.960804 0.313790 0.067194 0.080808
3 0.936924 0.571146 0.126152 0.223101
0 0.217721 0.569390 0.102767 0.177426
0 0.359519 0.395477 0.074111 0.159859
0 0.443511 0.408652 0.097826 0.179183
0 0.600132 0.311155 0.081028 0.138779
0 0.463274 0.268994 0.066206 0.138779
0 0.528985 0.305885 0.065217 0.142292
0 0.341238 0.221563 0.075099 0.114185
0 0.813570 0.500000 0.108696 0.221344