7 0.976882 0.300836 0.046236 0.043967
7 0.861559 0.245400 0.028495 0.057348
7 0.425538 0.218638 0.050000 0.038232
0 0.186290 0.415054 0.070430 0.148148
0 0.266667 0.349582 0.068817 0.108961
3 0.317204 0.265472 0.047312 0.095579
3 0.353763 0.280287 0.048387 0.083154
3 0.512903 0.325687 0.063441 0.099403
3 0.545161 0.200000 0.022581 0.073596
3 0.611022 0.201434 0.043548 0.072640
3 0.665054 0.223895 0.034409 0.085066
3 0.971505 0.242055 0.053763 0.073596
3 0.904570 0.340502 0.072581 0.153883
3 0.973656 0.369176 0.052688 0.056392
3 0.827957 0.309438 0.062366 0.137634
9 0.813710 0.478136 0.098387 0.222700
0 0.748656 0.211947 0.057527 0.110872
6 0.528763 0.255914 0.042473 0.086022
6 0.568548 0.258781 0.044624 0.105137
6 0.630108 0.288411 0.083871 0.108961
0 0.408333 0.277419 0.040323 0.100358
0 0.457258 0.308483 0.040323 0.076464
0 0.405376 0.405018 0.054839 0.116607
0 0.462903 0.428435 0.056989 0.144325
0 0.525538 0.428913 0.063978 0.147192
0 0.614785 0.452808 0.075806 0.217921
9 0.285484 0.589486 0.122581 0.292473