9 0.287879 0.602767 0.179842 0.335529
0 0.187088 0.419192 0.073123 0.144049
0 0.269104 0.352437 0.071146 0.122969
0 0.309618 0.285683 0.049407 0.098375
1 0.352602 0.294466 0.048419 0.101888
1 0.397068 0.291831 0.058300 0.089592
0 0.419302 0.239130 0.055336 0.079051
0 0.398551 0.421827 0.077075 0.156346
0 0.458827 0.426219 0.071146 0.151076
0 0.524539 0.435881 0.078063 0.159859
0 0.605072 0.447299 0.102767 0.189723
0 0.447464 0.342776 0.070158 0.114185
0 0.517128 0.341897 0.096838 0.147563
0 0.517622 0.279534 0.056324 0.117699
0 0.567523 0.286561 0.061265 0.114185
0 0.621871 0.297101 0.081028 0.121212
3 0.553195 0.218928 0.056324 0.087835
3 0.611989 0.225077 0.063241 0.107159
0 0.671772 0.240009 0.060277 0.108915
0 0.748847 0.206632 0.066206 0.115942
0 0.815547 0.479798 0.102767 0.219587
3 0.829875 0.319060 0.078063 0.147563
3 0.903491 0.351559 0.075099 0.138779
3 0.972991 0.385815 0.054018 0.108915
3 0.854578 0.272508 0.064229 0.131752
3 0.973485 0.320817 0.053030 0.098375
0 0.966568 0.254062 0.066864 0.101888