9 0.579381 0.937088 0.122530 0.125823
1 0.360507 0.160957 0.048419 0.091348
3 0.285902 0.243522 0.063241 0.080808
3 0.407938 0.174133 0.070158 0.061484
3 0.606061 0.160957 0.057312 0.084321
3 0.720191 0.172376 0.066206 0.103645
3 0.879776 0.270751 0.071146 0.110672
3 0.962121 0.305007 0.075758 0.084321
3 0.958827 0.223320 0.055336 0.089592
0 0.212286 0.572025 0.097826 0.182697
0 0.343215 0.225077 0.067194 0.121212
0 0.361495 0.398990 0.072134 0.166886
0 0.444499 0.407773 0.089921 0.184453
0 0.469697 0.278656 0.071146 0.151076
0 0.599144 0.312033 0.083004 0.158103
0 0.524539 0.311155 0.070158 0.170400
0 0.814065 0.504392 0.105731 0.237154
3 0.932642 0.572903 0.119565 0.237154