9 0.199934 0.764054 0.193676 0.471892
8 0.462286 0.108256 0.038538 0.098375
1 0.369401 0.218050 0.028656 0.064998
1 0.427701 0.160079 0.026680 0.061484
1 0.600132 0.148661 0.041502 0.059728
1 0.638669 0.143390 0.031621 0.049188
1 0.682642 0.144269 0.042490 0.057971
1 0.807642 0.157444 0.035573 0.077295
1 0.859025 0.168863 0.037549 0.068511
1 0.806159 0.218928 0.052372 0.063241
1 0.561100 0.182038 0.050395 0.087835
4 0.456851 0.182916 0.035573 0.040404
4 0.486495 0.348924 0.075099 0.087835
4 0.659420 0.209267 0.055336 0.072025
3 0.198452 0.460474 0.070158 0.103645
3 0.246377 0.355951 0.049407 0.101888
3 0.291831 0.340141 0.053360 0.115942
3 0.402503 0.219807 0.045455 0.086078
3 0.604084 0.191700 0.043478 0.064998
3 0.856555 0.232982 0.046443 0.087835
3 0.811594 0.292710 0.065217 0.122969
3 0.612484 0.260211 0.068182 0.093105
3 0.557148 0.253184 0.048419 0.061484
3 0.780962 0.437637 0.077075 0.149319
3 0.831357 0.643171 0.112648 0.194993
3 0.465744 0.499122 0.077075 0.145806
3 0.384717 0.460474 0.073123 0.152833
3 0.414855 0.332235 0.054348 0.093105
0 0.495883 0.247914 0.060277 0.107159
0 0.877800 0.454326 0.067194 0.151076
0 0.709321 0.576416 0.111660 0.202020
5 0.305665 0.259332 0.037549 0.077295
1 0.347167 0.267238 0.037549 0.089592
4 0.168314 0.444664 0.035573 0.100132
1 0.877306 0.319939 0.042490 0.110672