9 0.339262 0.586957 0.164032 0.303909
6 0.737484 0.479798 0.102767 0.223101
0 0.403985 0.420070 0.060277 0.170400
0 0.521574 0.436759 0.080040 0.172156
0 0.603590 0.448177 0.083992 0.194993
0 0.525527 0.258454 0.050395 0.068511
0 0.574440 0.276899 0.041502 0.122969
0 0.746871 0.208388 0.058300 0.108915
0 0.310112 0.296223 0.042490 0.101888
5 0.969038 0.232982 0.061924 0.052701
5 0.972497 0.297980 0.055006 0.066755
3 0.188076 0.432367 0.071146 0.152833
4 0.970026 0.389328 0.059947 0.122969
3 0.265646 0.361221 0.056324 0.108915
3 0.451416 0.435881 0.085968 0.163373
3 0.354578 0.293588 0.048419 0.100132
3 0.403985 0.290075 0.056324 0.093105
3 0.423254 0.236495 0.039526 0.059728
3 0.453887 0.329600 0.061265 0.084321
3 0.518116 0.319060 0.079051 0.077295
3 0.546772 0.218928 0.039526 0.066755
3 0.613966 0.217172 0.057312 0.056214
3 0.666337 0.237374 0.049407 0.103645
3 0.623353 0.301493 0.078063 0.115942
3 0.827404 0.323452 0.077075 0.131752
3 0.861001 0.277778 0.053360 0.100132
3 0.900527 0.356829 0.071146 0.142292