2 0.618412 0.255819 0.066206 0.126482
9 0.258729 0.768445 0.214427 0.463109
3 0.711298 0.591348 0.105731 0.200264
3 0.829381 0.644928 0.112648 0.205534
3 0.788867 0.438516 0.083004 0.140536
3 0.814065 0.282170 0.072134 0.112429
3 0.460804 0.494730 0.079051 0.122969
3 0.375329 0.464866 0.068182 0.119455
3 0.328393 0.438516 0.033597 0.154589
3 0.197464 0.452569 0.060277 0.098375
3 0.235507 0.348924 0.027668 0.080808
3 0.274045 0.355951 0.049407 0.073781
3 0.346673 0.276021 0.050395 0.086078
3 0.399539 0.207510 0.047431 0.068511
3 0.424736 0.327844 0.060277 0.084321
3 0.491436 0.246157 0.053360 0.093105
3 0.559618 0.250549 0.047431 0.091348
3 0.862978 0.236495 0.041502 0.094862
0 0.871871 0.438516 0.075099 0.186210
2 0.309618 0.263724 0.033597 0.096618
4 0.487484 0.348924 0.084980 0.094862
4 0.453887 0.188186 0.029644 0.043917
1 0.427207 0.159201 0.027668 0.063241
1 0.593709 0.148661 0.034585 0.063241
1 0.634717 0.139877 0.023715 0.056214
1 0.682642 0.146025 0.036561 0.072025
1 0.805171 0.158322 0.038538 0.079051
1 0.864460 0.162714 0.030632 0.066755
1 0.802207 0.213658 0.070158 0.063241
1 0.365942 0.219807 0.027668 0.068511
3 0.663373 0.187308 0.057312 0.091348
3 0.609025 0.197848 0.049407 0.073781
0 0.559124 0.174133 0.046443 0.075538
4 0.160902 0.443786 0.030632 0.073781
1 0.870389 0.305007 0.070158 0.098375