3 0.405962 0.181159 0.062253 0.075538
3 0.607543 0.160079 0.058300 0.082565
3 0.724144 0.170619 0.064229 0.096618
3 0.890151 0.288318 0.080040 0.135266
3 0.958827 0.232982 0.055336 0.087835
3 0.962780 0.326087 0.071146 0.105402
1 0.361989 0.161836 0.051383 0.096618
9 0.587780 0.917765 0.147233 0.164470
3 0.271574 0.245279 0.048419 0.077295
0 0.219697 0.564998 0.086957 0.165130
0 0.359519 0.399868 0.080040 0.175670
0 0.437582 0.405138 0.087945 0.165130
0 0.466733 0.273386 0.067194 0.147563
0 0.530468 0.298858 0.074111 0.135266
0 0.605072 0.314668 0.075099 0.149319
0 0.813076 0.500878 0.117589 0.230127
0 0.928689 0.566755 0.115613 0.217830
0 0.341238 0.219807 0.065217 0.103645