0 0.184392 0.424694 0.066784 0.146356
0 0.275328 0.338822 0.055444 0.116487
0 0.425487 0.226815 0.065104 0.046296
0 0.401546 0.289912 0.048303 0.090352
0 0.451319 0.321274 0.049563 0.079898
0 0.397240 0.414240 0.052293 0.143369
0 0.525874 0.436641 0.077705 0.174731
0 0.605889 0.444108 0.078965 0.191159
0 0.568716 0.273111 0.049143 0.107527
0 0.518523 0.311193 0.068044 0.089606
0 0.749538 0.215614 0.069304 0.117981
0 0.823883 0.314553 0.063424 0.129182
9 0.815692 0.482191 0.104167 0.212067
9 0.287718 0.607639 0.176411 0.349462
3 0.323001 0.282818 0.063004 0.103047
7 0.362693 0.254816 0.037382 0.079898
3 0.455939 0.435148 0.060904 0.146356
7 0.521673 0.243616 0.036962 0.044056
0 0.625420 0.290285 0.065524 0.119474
3 0.670573 0.234655 0.044943 0.114247
3 0.613449 0.206653 0.052503 0.062724
7 0.539945 0.209640 0.031502 0.044803
7 0.858115 0.248469 0.036962 0.058244
7 0.982191 0.299246 0.035618 0.041816
3 0.901168 0.349649 0.067624 0.139636
3 0.972110 0.381384 0.055780 0.109020
3 0.969842 0.242496 0.055444 0.065711