9 0.296278 0.592227 0.165020 0.328502
0 0.188076 0.421827 0.077075 0.149319
0 0.273057 0.346289 0.077075 0.128239
0 0.312088 0.284805 0.044466 0.110672
0 0.352602 0.287440 0.052372 0.105402
0 0.397563 0.290953 0.065217 0.105402
0 0.419796 0.243522 0.064229 0.094862
0 0.402503 0.419192 0.065217 0.151076
0 0.458827 0.424462 0.071146 0.161616
0 0.526021 0.429732 0.075099 0.172156
0 0.608037 0.445542 0.090909 0.189723
0 0.448452 0.337505 0.066206 0.124726
0 0.516140 0.338384 0.083004 0.151076
0 0.515646 0.283048 0.060277 0.128239
0 0.565053 0.283048 0.056324 0.124726
0 0.623847 0.296223 0.077075 0.129996
3 0.554183 0.221563 0.054348 0.093105
3 0.611989 0.225955 0.067194 0.094862
0 0.671278 0.234739 0.059289 0.119455
0 0.747365 0.207510 0.063241 0.110672
0 0.808630 0.478041 0.106719 0.230127
0 0.967556 0.264603 0.064888 0.105402
0 0.972991 0.323452 0.054018 0.110672
3 0.977931 0.381423 0.044137 0.114185
3 0.901515 0.353316 0.067194 0.131752
3 0.826416 0.318182 0.079051 0.149319
3 0.856555 0.276021 0.062253 0.128239