9 0.220191 0.769324 0.192688 0.461352
1 0.362978 0.218050 0.029644 0.079051
1 0.428195 0.163592 0.033597 0.072025
1 0.599144 0.146025 0.035573 0.061484
1 0.639163 0.145147 0.038538 0.056214
1 0.680665 0.147782 0.036561 0.057971
1 0.807642 0.156566 0.037549 0.072025
1 0.856555 0.160079 0.034585 0.068511
1 0.806653 0.217172 0.051383 0.066755
4 0.461792 0.182916 0.037549 0.043917
4 0.491930 0.348924 0.080040 0.087835
0 0.555171 0.173254 0.038538 0.080808
0 0.703393 0.579930 0.103755 0.230127
3 0.205863 0.456961 0.071146 0.100132
3 0.241930 0.349802 0.040514 0.075538
3 0.281950 0.354194 0.057312 0.084321
3 0.353096 0.279534 0.063241 0.082565
3 0.398551 0.217172 0.049407 0.077295
3 0.604578 0.202240 0.050395 0.068511
3 0.658926 0.201361 0.052372 0.073781
1 0.490448 0.249671 0.065217 0.075538
3 0.558630 0.249671 0.045455 0.075538
3 0.616930 0.258454 0.059289 0.096618
3 0.861989 0.232982 0.043478 0.094862
3 0.808630 0.280413 0.069170 0.140536
3 0.876812 0.458718 0.084980 0.177426
3 0.791337 0.443786 0.076087 0.172156
3 0.824934 0.644049 0.107708 0.224857
3 0.411891 0.333992 0.056324 0.114185
3 0.463768 0.501757 0.079051 0.154589
3 0.393610 0.462231 0.069170 0.145806
2 0.307642 0.268116 0.041502 0.087835
2 0.346179 0.424462 0.039526 0.175670
4 0.165843 0.446421 0.036561 0.089592
1 0.873847 0.324330 0.055336 0.101888