6 0.878294 0.267238 0.066206 0.096618
6 0.957839 0.308520 0.069170 0.108915
3 0.332839 0.241765 0.068182 0.087835
3 0.405962 0.179403 0.064229 0.064998
3 0.607543 0.165349 0.056324 0.093105
3 0.724638 0.175889 0.061265 0.096618
3 0.960804 0.220685 0.055336 0.077295
3 0.936924 0.563241 0.126152 0.207290
3 0.532938 0.303250 0.081028 0.129996
1 0.357543 0.161836 0.046443 0.082565
0 0.230567 0.569390 0.100791 0.187967
0 0.448946 0.415679 0.094862 0.186210
0 0.360013 0.403382 0.073123 0.147563
0 0.819993 0.510540 0.113636 0.228371
0 0.612978 0.319060 0.071146 0.154589
0 0.275527 0.236495 0.054348 0.094862
9 0.561100 0.945872 0.113636 0.108256
3 0.481555 0.275143 0.059289 0.168643