3 0.336298 0.236495 0.063241 0.073781
3 0.406950 0.180281 0.066206 0.066755
3 0.606061 0.167984 0.057312 0.105402
3 0.728590 0.175011 0.053360 0.105402
3 0.532444 0.299736 0.070158 0.129996
3 0.964756 0.225955 0.047431 0.080808
3 0.936924 0.581686 0.126152 0.247694
1 0.362978 0.169741 0.053360 0.101888
0 0.232543 0.572025 0.104743 0.182697
0 0.360013 0.399868 0.079051 0.161616
0 0.445487 0.410408 0.089921 0.161616
0 0.608037 0.322574 0.073123 0.147563
0 0.823452 0.496487 0.108696 0.200264
0 0.284420 0.239130 0.058300 0.096618
3 0.887681 0.289196 0.086957 0.129996
3 0.956851 0.303250 0.067194 0.137022
9 0.710804 0.940602 0.152174 0.118796
3 0.480072 0.281291 0.042490 0.166886