9 0.294796 0.595740 0.166008 0.324989
1 0.189065 0.419192 0.075099 0.137022
0 0.263669 0.354194 0.083992 0.140536
0 0.311594 0.290953 0.053360 0.112429
0 0.352108 0.285683 0.047431 0.112429
0 0.394598 0.287440 0.055336 0.105402
0 0.420290 0.240009 0.049407 0.087835
0 0.400527 0.420070 0.065217 0.177426
0 0.460804 0.423584 0.071146 0.166886
0 0.526021 0.436759 0.075099 0.175670
0 0.604578 0.446421 0.085968 0.191480
0 0.442029 0.335749 0.077075 0.131752
0 0.519104 0.340141 0.081028 0.147563
0 0.518610 0.272508 0.050395 0.121212
0 0.567029 0.283048 0.064229 0.124726
0 0.623847 0.295345 0.077075 0.128239
3 0.553689 0.224199 0.057312 0.091348
3 0.607543 0.223320 0.070158 0.103645
3 0.669302 0.239130 0.057312 0.110672
0 0.745883 0.200483 0.064229 0.107159
0 0.810112 0.479798 0.105731 0.230127
0 0.967556 0.257576 0.064888 0.112429
0 0.972991 0.329600 0.054018 0.119455
3 0.975461 0.383180 0.049078 0.110672
3 0.900527 0.348046 0.069170 0.135266
3 0.857049 0.274264 0.065217 0.121212
0 0.828393 0.313790 0.077075 0.151076