9 0.338768 0.594862 0.166996 0.312692
3 0.187582 0.429732 0.064229 0.144049
3 0.309618 0.298858 0.041502 0.096618
3 0.356061 0.295345 0.049407 0.110672
3 0.401021 0.294466 0.060277 0.101888
3 0.446476 0.436759 0.076087 0.168643
3 0.516140 0.435881 0.079051 0.173913
3 0.829875 0.316425 0.072134 0.145806
3 0.903985 0.355072 0.066206 0.138779
3 0.448452 0.335749 0.058300 0.082565
3 0.517128 0.326087 0.073123 0.091348
0 0.403491 0.425340 0.059289 0.166886
0 0.415349 0.230347 0.047431 0.047431
0 0.747859 0.209267 0.064229 0.114185
0 0.515646 0.250549 0.046443 0.066755
0 0.271080 0.349802 0.067194 0.138779
0 0.606061 0.454326 0.088933 0.207290
6 0.730072 0.475406 0.109684 0.214317
6 0.625329 0.305885 0.078063 0.096618
6 0.568511 0.276021 0.041502 0.124726
7 0.547266 0.227712 0.030632 0.070268
3 0.665349 0.237374 0.051383 0.103645
3 0.614954 0.225955 0.055336 0.077295
3 0.867918 0.281291 0.037549 0.096618
3 0.972167 0.238252 0.054348 0.077295
3 0.974967 0.304128 0.050066 0.050944
5 0.970520 0.380545 0.058959 0.129996