9 0.361001 0.770202 0.250988 0.459596
3 0.943511 0.203118 0.060277 0.105402
3 0.934618 0.364734 0.060277 0.133509
0 0.390143 0.144196 0.057728 0.116497
0 0.446051 0.106750 0.047847 0.085986
0 0.495458 0.106750 0.063449 0.110025
0 0.385982 0.338357 0.098294 0.184916
0 0.537064 0.384586 0.071770 0.245938
0 0.491817 0.236191 0.068650 0.130365
0 0.547986 0.239889 0.068650 0.087835
0 0.575029 0.155753 0.047847 0.106326
0 0.628857 0.182103 0.050447 0.136837
0 0.678004 0.126629 0.038486 0.081363
1 0.735213 0.159913 0.049927 0.096156
0 0.689619 0.232493 0.053394 0.182142
1 0.897823 0.148356 0.049927 0.082287
0 0.886641 0.200133 0.053568 0.076740
0 0.874419 0.306459 0.059289 0.169198
0 0.839834 0.424805 0.082692 0.150706
0 0.794328 0.588917 0.117537 0.273675