9 0.364460 0.771080 0.267787 0.457839
3 0.938296 0.382521 0.063241 0.175670
3 0.944225 0.202752 0.054018 0.111258
1 0.443017 0.113527 0.055336 0.087835
1 0.738472 0.159201 0.057312 0.108915
0 0.389532 0.336805 0.098344 0.177343
0 0.376357 0.153606 0.070111 0.103729
0 0.494463 0.238095 0.061641 0.142209
0 0.530460 0.394525 0.073405 0.254303
0 0.549987 0.238932 0.061641 0.083652
0 0.501521 0.120982 0.051289 0.108748
0 0.569280 0.154443 0.048466 0.108748
0 0.621981 0.187486 0.072934 0.131334
0 0.677505 0.121819 0.050348 0.061903
0 0.693739 0.222201 0.054583 0.152247
0 0.892936 0.142313 0.046113 0.084489
0 0.879996 0.203798 0.052230 0.060230
0 0.870820 0.297907 0.058347 0.166468
0 0.830118 0.415020 0.076699 0.117950
0 0.797650 0.592641 0.094579 0.263505