9 0.335310 0.593105 0.160079 0.302152
3 0.188570 0.426219 0.066206 0.144049
3 0.266140 0.362099 0.061265 0.117699
3 0.310606 0.304128 0.043478 0.100132
3 0.352108 0.301493 0.047431 0.112429
3 0.402009 0.293588 0.056324 0.093105
3 0.449934 0.330479 0.059289 0.075538
3 0.516140 0.320817 0.071146 0.070268
3 0.611989 0.215415 0.041502 0.052701
3 0.665349 0.242644 0.041502 0.107159
3 0.828393 0.320817 0.067194 0.144049
3 0.902503 0.356829 0.073123 0.135266
3 0.865942 0.282170 0.037549 0.094862
3 0.969697 0.241765 0.055336 0.073781
3 0.970685 0.301493 0.057312 0.042161
3 0.444499 0.447299 0.062253 0.172156
3 0.513175 0.443786 0.081028 0.172156
0 0.416337 0.238252 0.053360 0.056214
0 0.746377 0.208388 0.061265 0.112429
0 0.609025 0.446421 0.090909 0.198507
0 0.404974 0.426219 0.058300 0.165130
0 0.520092 0.259332 0.059289 0.077295
0 0.547760 0.220685 0.027668 0.070268
6 0.730072 0.471014 0.103755 0.202020
6 0.625329 0.301493 0.078063 0.098375
6 0.571970 0.274264 0.044466 0.128239
5 0.972497 0.385815 0.055006 0.126482