9 0.338768 0.593983 0.163043 0.303909
5 0.974144 0.281291 0.048419 0.064998
3 0.186594 0.429732 0.064229 0.144049
3 0.268116 0.362978 0.061265 0.122969
3 0.312582 0.301493 0.047431 0.098375
3 0.354578 0.294466 0.050395 0.105402
3 0.402503 0.294466 0.057312 0.098375
3 0.449934 0.435002 0.084980 0.172156
3 0.523551 0.438516 0.070158 0.179183
3 0.830863 0.322574 0.070158 0.140536
3 0.866436 0.283048 0.042490 0.107159
3 0.903491 0.359464 0.067194 0.129996
3 0.971673 0.246157 0.053360 0.064998
3 0.670290 0.241765 0.043478 0.112429
3 0.613472 0.223320 0.046443 0.079051
3 0.549736 0.219807 0.033597 0.075538
0 0.746377 0.205753 0.061265 0.110672
0 0.404480 0.427975 0.061265 0.175670
0 0.606061 0.445542 0.084980 0.196750
6 0.724144 0.471893 0.115613 0.210804
6 0.624835 0.302372 0.079051 0.093105
0 0.571970 0.276021 0.042490 0.124726
0 0.518610 0.260211 0.062253 0.075538
4 0.971509 0.387571 0.056982 0.115942
3 0.551219 0.218050 0.032609 0.072025
0 0.417325 0.227712 0.039526 0.056214