9 0.372859 0.771080 0.247036 0.457839
3 0.942029 0.208388 0.053360 0.101888
3 0.933630 0.389328 0.066206 0.140536
1 0.445338 0.102420 0.050097 0.099508
1 0.671278 0.131972 0.043478 0.079051
1 0.730567 0.160957 0.041502 0.105402
0 0.378866 0.152212 0.066347 0.112094
0 0.385219 0.338339 0.104461 0.176506
0 0.532028 0.386857 0.078110 0.238409
0 0.499561 0.234610 0.060230 0.138026
0 0.553909 0.240047 0.063523 0.102056
0 0.500737 0.118333 0.043761 0.111258
0 0.570142 0.152212 0.058347 0.112094
0 0.627314 0.183164 0.069170 0.127151
0 0.694680 0.214951 0.039526 0.147228
0 0.892936 0.139664 0.039526 0.070268
0 0.887524 0.203658 0.062582 0.062739
0 0.868703 0.296931 0.068229 0.157266
0 0.829177 0.417390 0.068229 0.133844
0 0.796474 0.602680 0.089403 0.271870