9 0.374835 0.774045 0.278656 0.446201
3 0.941041 0.204875 0.047431 0.108915
3 0.935112 0.383180 0.055336 0.135266
4 0.444005 0.102986 0.041502 0.087835
1 0.488966 0.233860 0.066206 0.135266
0 0.380266 0.158084 0.067650 0.117113
0 0.505811 0.118446 0.051687 0.104501
0 0.388120 0.342762 0.104642 0.196390
0 0.523166 0.379473 0.082852 0.215758
0 0.559018 0.248621 0.060809 0.110807
0 0.575361 0.158985 0.054981 0.109906
0 0.624894 0.181056 0.069930 0.141437
0 0.687308 0.102005 0.060809 0.082430
0 0.728354 0.161237 0.051181 0.109005
0 0.683001 0.211235 0.063849 0.145941
0 0.894438 0.139316 0.042819 0.071169
0 0.884810 0.196296 0.052954 0.059007
0 0.877082 0.293590 0.057262 0.155400
0 0.833376 0.412280 0.067143 0.134230
0 0.797777 0.576013 0.097801 0.238280