0 0.228590 0.565876 0.088933 0.202020
0 0.361495 0.398112 0.072134 0.161616
0 0.446970 0.410408 0.090909 0.168643
0 0.335804 0.223320 0.062253 0.117699
0 0.468709 0.275143 0.061265 0.144049
0 0.611495 0.320817 0.074111 0.165130
0 0.814559 0.498243 0.102767 0.221344
1 0.360013 0.163592 0.051383 0.086078
9 0.511693 0.929513 0.131423 0.138779
3 0.282444 0.245279 0.060277 0.091348
3 0.403985 0.180281 0.058300 0.066755
3 0.605072 0.157444 0.071146 0.070268
3 0.724144 0.175889 0.058300 0.107159
6 0.876812 0.259332 0.081028 0.105402
6 0.954875 0.303250 0.067194 0.115942
3 0.959321 0.220685 0.054348 0.056214
3 0.937912 0.577295 0.124176 0.228371
3 0.529974 0.307642 0.079051 0.156346