9 0.366436 0.764932 0.248024 0.470136
3 0.943017 0.212780 0.055336 0.114185
3 0.944005 0.384058 0.075099 0.137022
1 0.444005 0.107378 0.045455 0.082565
1 0.743412 0.157444 0.057312 0.098375
0 0.381302 0.155599 0.075411 0.114648
0 0.502739 0.114917 0.057208 0.092458
0 0.382082 0.342363 0.131059 0.207105
0 0.531343 0.403385 0.076971 0.255183
0 0.493898 0.239273 0.066570 0.126667
0 0.551626 0.242509 0.067610 0.092458
0 0.574769 0.155599 0.061889 0.099854
0 0.623917 0.192120 0.058248 0.130365
0 0.668643 0.120465 0.031204 0.079514
0 0.692566 0.237424 0.062409 0.161801
0 0.890802 0.141268 0.052528 0.067494
0 0.883781 0.199516 0.059289 0.067494
0 0.867398 0.293361 0.067090 0.153480
0 0.840354 0.418641 0.070210 0.143310
0 0.800569 0.604019 0.107135 0.282921