9 0.818100 0.468937 0.113351 0.193548
9 0.278898 0.627838 0.181004 0.348865
0 0.185036 0.417563 0.069444 0.167264
0 0.262769 0.358622 0.077061 0.125846
0 0.418011 0.222421 0.046147 0.057348
0 0.400986 0.286539 0.048835 0.095579
0 0.377464 0.284548 0.008065 0.002389
0 0.362903 0.266627 0.034498 0.103544
0 0.525538 0.319196 0.073925 0.097172
0 0.446237 0.311629 0.054211 0.072481
0 0.459453 0.417563 0.068996 0.172840
0 0.528226 0.430705 0.073925 0.180008
0 0.606407 0.454600 0.097670 0.210275
0 0.625448 0.288132 0.082885 0.103544
0 0.571237 0.270609 0.051523 0.125846
0 0.752912 0.214456 0.077957 0.113899
0 0.826389 0.315611 0.070789 0.128236
3 0.967966 0.252688 0.058692 0.077260
3 0.904570 0.349064 0.068100 0.137794
3 0.970430 0.358224 0.059140 0.125846
4 0.858871 0.227997 0.071685 0.064516
3 0.662410 0.238750 0.059588 0.108323
3 0.610439 0.199323 0.058692 0.080446
7 0.518593 0.245520 0.048835 0.059737
7 0.540771 0.208881 0.034946 0.040621
3 0.317652 0.282159 0.048387 0.109120
0 0.396953 0.416766 0.061828 0.137794
7 0.980959 0.296097 0.038082 0.049383