6 0.792819 0.413043 0.079051 0.166886
6 0.879282 0.448177 0.074111 0.187967
1 0.368906 0.217172 0.033597 0.070268
1 0.428689 0.159201 0.030632 0.080808
1 0.595191 0.139877 0.035573 0.052701
1 0.634717 0.141634 0.027668 0.059728
1 0.682642 0.147782 0.030632 0.061484
1 0.805665 0.153052 0.029644 0.064998
1 0.858531 0.160957 0.030632 0.056214
1 0.802701 0.217172 0.049407 0.070268
4 0.492424 0.348924 0.079051 0.098375
4 0.457345 0.183794 0.042490 0.042161
0 0.554677 0.173254 0.037549 0.080808
9 0.266634 0.792161 0.216403 0.415678
3 0.862484 0.234739 0.050395 0.098375
3 0.714756 0.553579 0.116601 0.212560
3 0.826416 0.644049 0.110672 0.193237
3 0.195982 0.452569 0.063241 0.098375
3 0.238966 0.343654 0.034585 0.091348
3 0.277997 0.352437 0.055336 0.087835
3 0.352602 0.277778 0.062253 0.072025
3 0.404480 0.210145 0.039526 0.073781
3 0.464262 0.492973 0.083992 0.122969
3 0.377306 0.460474 0.074111 0.152833
3 0.421278 0.336627 0.043478 0.112429
3 0.617918 0.259332 0.061265 0.098375
3 0.560606 0.250549 0.053360 0.087835
3 0.661397 0.198726 0.053360 0.082565
3 0.602602 0.194335 0.040514 0.063241
3 0.806653 0.269873 0.079051 0.108915
0 0.312088 0.253184 0.030632 0.096618
0 0.494895 0.243522 0.064229 0.087835
0 0.331851 0.427975 0.050395 0.140536
4 0.160408 0.448177 0.031621 0.086078
1 0.883234 0.301493 0.052372 0.070268