9 0.333827 0.482433 0.141304 0.235397
0 0.419796 0.338384 0.058300 0.137022
0 0.464756 0.341019 0.055336 0.121212
0 0.516140 0.346289 0.059289 0.135266
0 0.583333 0.355072 0.077075 0.156346
0 0.509717 0.247036 0.050395 0.073781
0 0.511693 0.195213 0.032609 0.047431
0 0.551713 0.225077 0.049407 0.096618
0 0.595191 0.237374 0.067194 0.096618
3 0.535902 0.169741 0.031621 0.045674
0 0.582839 0.181159 0.044466 0.075538
3 0.630764 0.195213 0.045455 0.089592
3 0.689559 0.175889 0.066206 0.096618
0 0.747859 0.386693 0.074111 0.184453
0 0.758729 0.253184 0.060277 0.128239
3 0.818511 0.284805 0.061265 0.107159
3 0.877800 0.306763 0.043478 0.087835
0 0.884717 0.239130 0.031621 0.057971
3 0.867918 0.203996 0.039526 0.086078
0 0.779974 0.194335 0.031621 0.059728
3 0.248847 0.337505 0.060277 0.114185
0 0.314065 0.283926 0.050395 0.105402
3 0.346179 0.223320 0.035573 0.082565
5 0.381752 0.234739 0.045455 0.091348
0 0.419302 0.225955 0.041502 0.087835
0 0.430665 0.178524 0.024704 0.042161
3 0.441041 0.250549 0.027668 0.056214