9 0.290843 0.594862 0.173913 0.316206
0 0.186100 0.416557 0.071146 0.138779
0 0.272563 0.349802 0.070158 0.121212
0 0.309618 0.288318 0.053360 0.103645
1 0.352602 0.290953 0.048419 0.101888
1 0.397563 0.295345 0.059289 0.086078
0 0.417819 0.245279 0.068182 0.091348
0 0.398551 0.411287 0.073123 0.159859
0 0.459321 0.415679 0.074111 0.158103
0 0.525527 0.431489 0.083992 0.175670
0 0.608037 0.443786 0.096838 0.200264
0 0.448452 0.337505 0.068182 0.117699
0 0.514657 0.338384 0.087945 0.144049
0 0.511693 0.275143 0.064229 0.122969
0 0.566535 0.282170 0.057312 0.108915
0 0.622365 0.295345 0.083992 0.121212
3 0.549242 0.219807 0.062253 0.089592
3 0.608531 0.225077 0.064229 0.089592
3 0.669302 0.241765 0.057312 0.112429
0 0.747859 0.207510 0.070158 0.121212
0 0.817029 0.478041 0.093874 0.230127
3 0.824440 0.314668 0.079051 0.142292
3 0.902009 0.353316 0.068182 0.138779
3 0.974967 0.383180 0.050066 0.117699
3 0.854084 0.276021 0.069170 0.124726
0 0.972497 0.317303 0.055006 0.087835
0 0.966568 0.255819 0.066864 0.098375