2 0.213274 0.557971 0.099802 0.189723
0 0.358037 0.401625 0.086957 0.172156
0 0.440547 0.420949 0.083992 0.196750
0 0.604084 0.315547 0.084980 0.154589
0 0.461298 0.279534 0.050395 0.152833
0 0.524045 0.305885 0.071146 0.173913
0 0.337780 0.219807 0.070158 0.110672
0 0.807148 0.513175 0.107708 0.261748
1 0.363966 0.166227 0.059289 0.094862
9 0.519598 0.922486 0.113636 0.149319
3 0.280468 0.242644 0.058300 0.082565
3 0.409914 0.175011 0.062253 0.070268
3 0.603590 0.160957 0.058300 0.084321
3 0.720685 0.177646 0.061265 0.107159
6 0.875329 0.263724 0.083992 0.114185
6 0.955369 0.312033 0.068182 0.115942
3 0.963768 0.225955 0.053360 0.059728
3 0.938076 0.588713 0.108696 0.261748