9 0.338274 0.589592 0.162055 0.302152
6 0.740942 0.477163 0.099802 0.214317
0 0.398551 0.420949 0.057312 0.161616
0 0.521080 0.437637 0.069170 0.180940
0 0.604578 0.448177 0.085968 0.184453
0 0.517128 0.254941 0.045455 0.061484
0 0.570487 0.277778 0.037549 0.124726
0 0.748847 0.211902 0.068182 0.119455
4 0.968544 0.399868 0.062912 0.091348
3 0.191535 0.433245 0.078063 0.144049
3 0.266634 0.365613 0.058300 0.110672
3 0.314065 0.293588 0.046443 0.093105
3 0.355072 0.296223 0.049407 0.101888
3 0.404480 0.293588 0.061265 0.096618
3 0.423748 0.241765 0.046443 0.066755
3 0.448946 0.326087 0.065217 0.077295
3 0.519598 0.326965 0.074111 0.089592
3 0.450922 0.440272 0.079051 0.151076
3 0.621871 0.296223 0.077075 0.115942
3 0.549242 0.217172 0.040514 0.073781
3 0.614954 0.218050 0.055336 0.057971
3 0.664855 0.247036 0.052372 0.115942
3 0.830369 0.323452 0.071146 0.135266
3 0.860013 0.262846 0.049407 0.070268
3 0.900033 0.353316 0.072134 0.135266
3 0.971179 0.252306 0.052372 0.063241
3 0.983366 0.296223 0.033267 0.101888