9 0.817308 0.483182 0.109595 0.229758
9 0.279415 0.596682 0.178350 0.344637
0 0.185846 0.417471 0.059450 0.144288
0 0.263648 0.349003 0.080645 0.115798
0 0.416925 0.224933 0.050145 0.049628
0 0.367297 0.264452 0.033602 0.108446
0 0.404001 0.284211 0.051179 0.087308
0 0.447943 0.309484 0.052213 0.069847
0 0.401675 0.415633 0.052730 0.144288
0 0.455180 0.410578 0.063586 0.148883
0 0.523160 0.439987 0.071340 0.172778
0 0.606390 0.452394 0.100289 0.206782
0 0.625517 0.295239 0.076510 0.122231
0 0.568910 0.286509 0.048077 0.123150
0 0.521867 0.309025 0.073925 0.085470
0 0.745451 0.206093 0.070306 0.100175
0 0.836177 0.310403 0.081162 0.124989
0 0.848325 0.208850 0.067204 0.079956
3 0.975341 0.246071 0.049318 0.077199
3 0.905190 0.351760 0.076510 0.124989
3 0.971464 0.384845 0.057072 0.102932
7 0.979477 0.305808 0.041046 0.064332
3 0.665064 0.235962 0.062552 0.102932
3 0.611559 0.214364 0.059967 0.081794
7 0.554435 0.204255 0.037738 0.052385
7 0.521350 0.243774 0.040840 0.046871
3 0.319220 0.287887 0.058416 0.100175