1 0.213306 0.582305 0.106996 0.144490
1 0.634602 0.354595 0.116255 0.157293
0 0.355281 0.392090 0.072016 0.184728
0 0.427298 0.412209 0.102881 0.173754
0 0.464335 0.295153 0.067901 0.137174
0 0.808985 0.528349 0.111111 0.197531
3 0.271948 0.241198 0.086420 0.120713
0 0.336763 0.227481 0.082305 0.126200
3 0.351166 0.157064 0.059671 0.120713
3 0.411351 0.174440 0.083333 0.089620
3 0.609911 0.157979 0.073045 0.126200
3 0.726166 0.186328 0.070988 0.142661
3 0.878429 0.290581 0.081276 0.109739
6 0.949760 0.318016 0.100480 0.128029
3 0.939472 0.602423 0.121056 0.279835
7 0.956447 0.239369 0.087106 0.157293