6 0.792819 0.417435 0.075099 0.175670
6 0.878788 0.446421 0.083004 0.180940
1 0.368412 0.221563 0.038538 0.079051
1 0.430665 0.160079 0.034585 0.068511
1 0.600132 0.144269 0.037549 0.057971
1 0.635211 0.142512 0.020751 0.054458
1 0.682642 0.149539 0.028656 0.057971
1 0.808630 0.161836 0.035573 0.068511
1 0.861495 0.167106 0.030632 0.061484
1 0.803689 0.211023 0.047431 0.061484
4 0.490448 0.355072 0.075099 0.100132
4 0.459816 0.182038 0.037549 0.042161
0 0.555171 0.175889 0.046443 0.079051
9 0.260705 0.793039 0.196640 0.413922
3 0.196970 0.450812 0.065217 0.087835
3 0.238966 0.352437 0.036561 0.091348
3 0.277009 0.348046 0.043478 0.079051
3 0.349638 0.283926 0.062253 0.084321
3 0.309618 0.264603 0.033597 0.126482
3 0.403985 0.214537 0.042490 0.082565
3 0.465744 0.493852 0.081028 0.135266
3 0.384223 0.451691 0.072134 0.163373
3 0.328393 0.437637 0.045455 0.135266
3 0.417325 0.336627 0.055336 0.094862
3 0.558630 0.254941 0.047431 0.089592
3 0.617918 0.254062 0.065217 0.115942
3 0.808630 0.280413 0.075099 0.091348
3 0.861001 0.232982 0.045455 0.080808
3 0.663373 0.198726 0.061265 0.100132
3 0.600132 0.199605 0.045455 0.084321
3 0.706357 0.580808 0.111660 0.175670
3 0.827404 0.652833 0.112648 0.214317
1 0.487484 0.251427 0.057312 0.103645
4 0.161891 0.448177 0.026680 0.089592
1 0.876318 0.302372 0.052372 0.093105