9 0.369895 0.764932 0.260870 0.470136
3 0.939065 0.206632 0.045455 0.098375
3 0.933136 0.378788 0.053360 0.140536
1 0.670290 0.129337 0.059289 0.077295
1 0.734025 0.160079 0.048419 0.107159
1 0.892622 0.210145 0.045455 0.063241
1 0.439559 0.108256 0.056324 0.084321
0 0.377964 0.157737 0.056544 0.115161
0 0.383729 0.339262 0.085639 0.163958
0 0.497639 0.236788 0.053250 0.134680
0 0.553360 0.236788 0.066974 0.091739
0 0.537714 0.390011 0.090580 0.249841
0 0.497365 0.097228 0.047211 0.111258
0 0.571201 0.145538 0.046662 0.096618
0 0.629392 0.191407 0.055446 0.135656
0 0.693895 0.222637 0.055995 0.139560
0 0.897929 0.143098 0.041722 0.080027
0 0.871853 0.290953 0.059838 0.127849
0 0.835346 0.408066 0.063680 0.133704
0 0.788135 0.601303 0.092227 0.309374