9 0.368412 0.771080 0.230237 0.457839
3 0.946476 0.203996 0.052372 0.121212
3 0.932148 0.375274 0.065217 0.129996
0 0.384504 0.339241 0.108696 0.173603
0 0.519356 0.393492 0.083120 0.242838
0 0.395257 0.143421 0.052313 0.122969
0 0.443502 0.108803 0.048826 0.093002
0 0.501337 0.124304 0.054057 0.107469
0 0.491165 0.234872 0.069751 0.130202
0 0.554522 0.254506 0.077889 0.109535
0 0.569344 0.154271 0.057545 0.101268
0 0.623692 0.185788 0.062776 0.143636
0 0.674552 0.117070 0.040107 0.072335
0 0.731516 0.164604 0.049407 0.093002
0 0.686468 0.218339 0.060451 0.171536
0 0.895044 0.149621 0.042432 0.075435
0 0.884581 0.197672 0.052895 0.076468
0 0.869178 0.293257 0.077889 0.170503
0 0.830233 0.410025 0.079051 0.143636
0 0.805530 0.596545 0.099395 0.299672