1 0.219993 0.585963 0.095679 0.181070
0 0.350137 0.425926 0.090535 0.153635
0 0.425754 0.400320 0.093621 0.160951
3 0.277092 0.237540 0.063786 0.120713
3 0.325446 0.229310 0.065844 0.144490
3 0.356824 0.154321 0.058642 0.107910
3 0.402606 0.182670 0.076132 0.098765
3 0.614540 0.152492 0.082305 0.129858
3 0.723594 0.175354 0.076132 0.124371
3 0.538409 0.303384 0.080247 0.164609
3 0.943759 0.597851 0.102881 0.241427
0 0.810014 0.534751 0.121399 0.235940
0 0.463306 0.283265 0.067901 0.160951
1 0.631001 0.356424 0.080247 0.197531
3 0.880487 0.293324 0.073045 0.126200
3 0.952332 0.314358 0.095336 0.128029
7 0.958162 0.221079 0.080247 0.139003