9 0.340250 0.584321 0.160079 0.305665
6 0.731555 0.477163 0.118577 0.221344
0 0.402503 0.412165 0.061265 0.158103
0 0.521080 0.435002 0.073123 0.168643
0 0.605072 0.441151 0.090909 0.184453
0 0.747365 0.207510 0.063241 0.107159
0 0.520586 0.252306 0.046443 0.056214
0 0.572958 0.277778 0.042490 0.128239
5 0.972167 0.290953 0.054348 0.073781
0 0.971673 0.386693 0.053360 0.110672
3 0.190053 0.429732 0.075099 0.144049
3 0.266634 0.363856 0.056324 0.110672
3 0.318017 0.292710 0.046443 0.094862
3 0.359519 0.294466 0.044466 0.112429
3 0.401515 0.294466 0.061265 0.098375
3 0.417819 0.245279 0.034585 0.077295
3 0.449440 0.322574 0.064229 0.073781
3 0.445982 0.433245 0.073123 0.161616
3 0.552701 0.212780 0.039526 0.057971
3 0.516634 0.329600 0.074111 0.091348
3 0.613966 0.219807 0.045455 0.057971
3 0.670784 0.241765 0.046443 0.112429
3 0.624341 0.301493 0.074111 0.098375
3 0.830863 0.324330 0.080040 0.137022
3 0.865448 0.283048 0.046443 0.107159
3 0.969532 0.257576 0.060935 0.084321
3 0.901021 0.359464 0.076087 0.129996