9 0.261693 0.770202 0.196640 0.459596
1 0.365942 0.218050 0.031621 0.075538
1 0.429183 0.159201 0.031621 0.059728
1 0.596179 0.146904 0.041502 0.056214
1 0.640646 0.146904 0.033597 0.052701
1 0.684618 0.151296 0.036561 0.064998
1 0.805665 0.160957 0.041502 0.084321
1 0.860013 0.167984 0.041502 0.070268
1 0.806159 0.216293 0.052372 0.064998
4 0.458333 0.181159 0.038538 0.040404
4 0.490448 0.348924 0.079051 0.101888
0 0.554677 0.175889 0.047431 0.089592
0 0.708333 0.582565 0.107708 0.224857
3 0.199934 0.456961 0.067194 0.107159
3 0.237484 0.352437 0.035573 0.080808
3 0.278985 0.356829 0.055336 0.082565
3 0.351614 0.276899 0.060277 0.077295
3 0.400527 0.215415 0.049407 0.084321
1 0.492424 0.256697 0.059289 0.086078
3 0.559618 0.255819 0.047431 0.098375
3 0.605072 0.194335 0.047431 0.073781
3 0.660408 0.213658 0.059289 0.080808
3 0.615942 0.262846 0.069170 0.119455
3 0.861989 0.227712 0.047431 0.091348
3 0.810606 0.281291 0.063241 0.149319
3 0.877306 0.455204 0.074111 0.166886
3 0.788867 0.436759 0.083004 0.144049
3 0.826416 0.649319 0.110672 0.203777
3 0.462780 0.499122 0.092885 0.145806
3 0.384223 0.457839 0.066206 0.144049
3 0.416337 0.332235 0.045455 0.110672
5 0.310112 0.264603 0.048419 0.101888
2 0.348155 0.417435 0.039526 0.161616
1 0.867918 0.315547 0.063241 0.098375
4 0.160408 0.453448 0.035573 0.082565