9 0.357049 0.770202 0.310277 0.459596
3 0.945487 0.210145 0.058300 0.098375
3 0.939559 0.380545 0.062253 0.129996
4 0.445982 0.110013 0.051383 0.087835
0 0.373784 0.154133 0.077151 0.114185
0 0.503192 0.115621 0.047887 0.116888
0 0.394307 0.337235 0.111356 0.176345
0 0.536194 0.390274 0.092353 0.248640
0 0.495148 0.233185 0.072590 0.116888
0 0.553486 0.238928 0.066890 0.086484
0 0.574009 0.157174 0.053208 0.093240
0 0.631778 0.186902 0.079051 0.166211
0 0.689546 0.213929 0.059289 0.158103
0 0.692586 0.100419 0.050167 0.090537
0 0.737243 0.167984 0.046747 0.118915
0 0.891988 0.142985 0.048647 0.070268
0 0.883817 0.195348 0.065749 0.069592
0 0.873556 0.297372 0.062709 0.168238
0 0.832130 0.412571 0.081712 0.136482
0 0.803436 0.590605 0.101095 0.261478