9 0.177207 0.762297 0.205534 0.475406
8 0.459816 0.104743 0.041502 0.105402
1 0.364460 0.212780 0.038538 0.054458
1 0.429677 0.158322 0.034585 0.061484
1 0.598650 0.145147 0.042490 0.066755
1 0.640151 0.149539 0.032609 0.064998
1 0.682642 0.146025 0.042490 0.064998
1 0.806159 0.154809 0.044466 0.075538
1 0.861001 0.173254 0.035573 0.073781
1 0.805665 0.212780 0.055336 0.061484
1 0.558630 0.181159 0.049407 0.086078
4 0.453393 0.182038 0.038538 0.042161
4 0.488966 0.354194 0.080040 0.091348
4 0.663867 0.215415 0.050395 0.080808
3 0.196970 0.456083 0.057312 0.105402
3 0.245883 0.357708 0.056324 0.098375
3 0.286891 0.336627 0.047431 0.119455
3 0.400527 0.220685 0.045455 0.084321
3 0.604084 0.194335 0.041502 0.063241
3 0.552207 0.261968 0.048419 0.082565
3 0.610507 0.266359 0.064229 0.105402
3 0.857049 0.228590 0.049407 0.096618
3 0.809124 0.284805 0.068182 0.124726
3 0.788373 0.436759 0.087945 0.144049
3 0.831357 0.646684 0.116601 0.230127
3 0.418314 0.333992 0.053360 0.086078
3 0.377800 0.471014 0.075099 0.149319
3 0.465744 0.496487 0.100791 0.137022
0 0.488472 0.250549 0.055336 0.108915
0 0.878788 0.450812 0.065217 0.172156
0 0.705863 0.584321 0.110672 0.214317
6 0.312582 0.264603 0.043478 0.077295
6 0.350132 0.259332 0.051383 0.077295
4 0.164855 0.447299 0.040514 0.087835
1 0.871871 0.325209 0.051383 0.107159