9 0.291305 0.582897 0.154053 0.287657
9 0.824287 0.469396 0.101323 0.240787
0 0.186363 0.416092 0.090984 0.128665
0 0.262614 0.352219 0.074959 0.133260
0 0.404260 0.279616 0.035670 0.098337
0 0.367814 0.262154 0.036187 0.125908
0 0.401158 0.414254 0.058416 0.156236
0 0.446650 0.305349 0.058416 0.078118
0 0.465778 0.420228 0.073925 0.151640
0 0.524711 0.428959 0.069789 0.154398
0 0.612593 0.451935 0.107010 0.187483
0 0.630428 0.291563 0.068238 0.122231
0 0.748811 0.210229 0.079611 0.121312
0 0.849100 0.226771 0.049111 0.066170
0 0.830232 0.315918 0.068238 0.115798
3 0.962314 0.245612 0.053246 0.087308
3 0.908809 0.344408 0.070306 0.141531
0 0.972756 0.373817 0.054487 0.108446
7 0.979994 0.304430 0.040012 0.057899
3 0.673852 0.230907 0.066687 0.105689
3 0.606131 0.214364 0.067721 0.074442
3 0.551851 0.216203 0.036704 0.065251
7 0.518766 0.248369 0.030500 0.048709
7 0.514888 0.309484 0.064103 0.077199
6 0.567876 0.265830 0.042907 0.094660
3 0.318962 0.278237 0.053763 0.104770
0 0.424421 0.224014 0.041356 0.053304