9 0.291831 0.592227 0.167984 0.300395
0 0.189559 0.417435 0.072134 0.140536
0 0.273057 0.352437 0.067194 0.115942
0 0.315053 0.281291 0.044466 0.103645
1 0.352108 0.291831 0.047431 0.114185
1 0.397068 0.295345 0.060277 0.100132
0 0.416337 0.225955 0.033597 0.045674
0 0.397068 0.413922 0.066206 0.147563
0 0.459321 0.423584 0.070158 0.156346
0 0.524045 0.433245 0.079051 0.179183
0 0.609519 0.449056 0.097826 0.196750
0 0.445982 0.312912 0.033597 0.054458
0 0.513669 0.323452 0.078063 0.096618
0 0.520092 0.251427 0.039526 0.064998
0 0.568017 0.286561 0.056324 0.114185
0 0.622365 0.297101 0.076087 0.128239
3 0.552207 0.224199 0.046443 0.098375
0 0.609025 0.219807 0.059289 0.082565
3 0.675725 0.238252 0.048419 0.126482
0 0.742918 0.201361 0.078063 0.122969
0 0.818511 0.489460 0.094862 0.242424
3 0.827404 0.321695 0.073123 0.145806
3 0.901021 0.354194 0.072134 0.144049
3 0.973485 0.385815 0.053030 0.119455
3 0.971509 0.315547 0.056982 0.087835
3 0.857049 0.269873 0.061265 0.112429
0 0.966568 0.252306 0.066864 0.108915