0 0.407444 0.421827 0.059289 0.166886
0 0.266634 0.355072 0.056324 0.114185
0 0.417325 0.234739 0.035573 0.063241
0 0.394598 0.290953 0.053360 0.098375
0 0.741930 0.213658 0.078063 0.126482
3 0.184124 0.429732 0.059289 0.137022
3 0.445487 0.437637 0.070158 0.170400
3 0.520092 0.445542 0.063241 0.172156
3 0.899045 0.355951 0.066206 0.137022
3 0.848650 0.278656 0.062253 0.122969
3 0.311594 0.293588 0.039526 0.093105
3 0.354084 0.290953 0.031621 0.105402
3 0.444005 0.339262 0.055336 0.082565
3 0.515151 0.336627 0.069170 0.112429
0 0.546772 0.220685 0.037549 0.066755
6 0.568017 0.271629 0.058300 0.129996
6 0.626812 0.303250 0.059289 0.112429
6 0.734519 0.488581 0.112648 0.244181
3 0.603096 0.454326 0.086957 0.193237
3 0.612484 0.229469 0.046443 0.087835
3 0.661891 0.242644 0.046443 0.110672
5 0.973979 0.382301 0.052042 0.133509
5 0.973485 0.283926 0.053030 0.077295
5 0.972003 0.220685 0.055994 0.056214
0 0.517128 0.275143 0.041502 0.101888
9 0.333827 0.603645 0.174901 0.330259
4 0.823452 0.347167 0.075099 0.105402