3 0.278985 0.250549 0.059289 0.101888
3 0.406456 0.180281 0.057312 0.066755
3 0.604084 0.160957 0.065217 0.077295
3 0.720685 0.171498 0.051383 0.091348
3 0.886199 0.272508 0.074111 0.107159
3 0.967721 0.311155 0.063241 0.089592
3 0.960310 0.225955 0.054348 0.073781
1 0.358531 0.161836 0.050395 0.093105
9 0.550231 0.956412 0.119565 0.087176
0 0.213274 0.558849 0.095850 0.156346
0 0.361001 0.402503 0.069170 0.180940
0 0.440053 0.411287 0.088933 0.173913
0 0.472661 0.273386 0.055336 0.147563
0 0.526021 0.299736 0.079051 0.137022
0 0.607049 0.313790 0.071146 0.144049
0 0.815053 0.508783 0.113636 0.238911
0 0.934124 0.558849 0.104743 0.216074
0 0.340250 0.224199 0.071146 0.112429