9 0.268610 0.782499 0.198617 0.435002
1 0.427207 0.159201 0.031621 0.073781
1 0.596673 0.146025 0.040514 0.064998
1 0.637187 0.150417 0.034585 0.056214
1 0.681159 0.147782 0.037549 0.057971
1 0.806159 0.161836 0.040514 0.089592
1 0.858531 0.169741 0.034585 0.080808
1 0.804677 0.217172 0.055336 0.066755
1 0.489954 0.254941 0.052372 0.075538
8 0.353096 0.329600 0.053360 0.259991
7 0.357049 0.279534 0.071146 0.075538
4 0.456851 0.186430 0.035573 0.047431
4 0.493412 0.354194 0.084980 0.091348
0 0.557642 0.178524 0.043478 0.091348
0 0.709816 0.579051 0.106719 0.210804
0 0.314065 0.259332 0.030632 0.112429
3 0.200922 0.454326 0.065217 0.101888
3 0.248353 0.347167 0.045455 0.077295
3 0.281950 0.336627 0.049407 0.098375
3 0.404480 0.219807 0.047431 0.093105
3 0.606555 0.197848 0.052372 0.073781
3 0.555665 0.255819 0.055336 0.070268
3 0.614954 0.258454 0.055336 0.100132
3 0.416831 0.331357 0.056324 0.094862
3 0.384717 0.456961 0.081028 0.145806
3 0.468709 0.493852 0.094862 0.138779
3 0.860507 0.227712 0.046443 0.091348
3 0.810606 0.278656 0.071146 0.144049
3 0.793314 0.438516 0.085968 0.140536
3 0.830369 0.647563 0.110672 0.221344
4 0.663373 0.220685 0.061265 0.084321
0 0.884223 0.454326 0.076087 0.186210
1 0.875823 0.308520 0.055336 0.098375
4 0.171278 0.451691 0.045455 0.103645