0 0.217936 0.575903 0.134774 0.212163
0 0.341392 0.408551 0.087449 0.184728
0 0.423697 0.426840 0.101852 0.184728
0 0.814129 0.510974 0.129630 0.246914
3 0.282236 0.247599 0.069959 0.133516
3 0.332647 0.234797 0.067901 0.151806
3 0.353738 0.165295 0.068930 0.133516
3 0.416495 0.188157 0.083333 0.109739
3 0.620713 0.153406 0.098765 0.084134
3 0.716392 0.174440 0.082305 0.107910
3 0.880487 0.285094 0.081276 0.124371
3 0.947874 0.312529 0.088477 0.168267
3 0.942558 0.607910 0.114883 0.287151
1 0.627401 0.344536 0.097737 0.159122
6 0.456104 0.291495 0.063786 0.181070
6 0.526063 0.303384 0.100823 0.149977
7 0.959191 0.254001 0.065844 0.182899