9 0.355567 0.776350 0.257905 0.447299
3 0.943511 0.206632 0.046443 0.112429
3 0.941041 0.381423 0.067194 0.124726
4 0.444499 0.111770 0.042490 0.070268
0 0.378189 0.158069 0.085340 0.126163
0 0.380210 0.335735 0.103755 0.181259
0 0.533597 0.392030 0.078153 0.239550
0 0.491376 0.233128 0.067373 0.129357
0 0.552911 0.239117 0.076356 0.090230
0 0.498787 0.107365 0.051653 0.115782
0 0.572673 0.158069 0.050305 0.106999
0 0.625000 0.185618 0.071416 0.131752
0 0.691101 0.103372 0.058390 0.067872
0 0.732423 0.158868 0.050305 0.095820
0 0.686684 0.217691 0.061235 0.157038
0 0.893969 0.143963 0.048509 0.073462
0 0.883414 0.193869 0.060636 0.067872
0 0.869041 0.304062 0.075907 0.160498
0 0.828617 0.417049 0.083094 0.130954
0 0.788867 0.584468 0.107797 0.263505