9 0.294302 0.589592 0.168972 0.316206
1 0.189065 0.420949 0.077075 0.140536
0 0.265646 0.357708 0.083992 0.140536
0 0.311594 0.284805 0.049407 0.110672
0 0.353590 0.288318 0.052372 0.107159
0 0.396574 0.290953 0.053360 0.101888
0 0.421772 0.243522 0.054348 0.087835
0 0.402503 0.408652 0.065217 0.165130
0 0.459321 0.420949 0.072134 0.154589
0 0.526515 0.431489 0.076087 0.161616
0 0.606061 0.441151 0.088933 0.184453
0 0.447464 0.331357 0.060277 0.122969
0 0.516140 0.336627 0.086957 0.154589
0 0.515646 0.275143 0.050395 0.115942
0 0.569005 0.286561 0.056324 0.117699
0 0.619895 0.293588 0.077075 0.128239
3 0.550231 0.231225 0.064229 0.105402
3 0.611989 0.223320 0.065217 0.110672
3 0.671278 0.236495 0.069170 0.122969
0 0.747365 0.204875 0.067194 0.122969
0 0.973979 0.319060 0.052042 0.101888
0 0.806653 0.478041 0.102767 0.226614
1 0.965744 0.261089 0.065217 0.112429
3 0.975461 0.383180 0.049078 0.117699
3 0.901021 0.354194 0.066206 0.140536
3 0.826910 0.313790 0.074111 0.144049
3 0.858531 0.274264 0.062253 0.114185