9 0.060179 0.844774 0.120357 0.305908
3 0.191041 0.422705 0.077075 0.119455
3 0.314559 0.285683 0.043478 0.094862
3 0.355072 0.283926 0.043478 0.084321
3 0.392622 0.283926 0.049407 0.077295
3 0.822958 0.317303 0.064229 0.122969
3 0.903985 0.340141 0.062253 0.108915
3 0.979414 0.377910 0.041172 0.093105
3 0.977437 0.309398 0.045125 0.064998
3 0.975626 0.252306 0.045455 0.070268
3 0.632246 0.295345 0.074111 0.107159
5 0.777997 0.482433 0.084980 0.200264
0 0.277009 0.349802 0.069170 0.100132
0 0.416337 0.230347 0.033597 0.061484
0 0.404480 0.424462 0.051383 0.154589
0 0.459321 0.428854 0.050395 0.170400
0 0.522068 0.440272 0.075099 0.172156
0 0.598155 0.435881 0.086957 0.166886
0 0.520586 0.250549 0.032609 0.052701
0 0.546278 0.210145 0.032609 0.052701
0 0.560112 0.289196 0.054348 0.087835
0 0.744401 0.211023 0.061265 0.114185
0 0.855072 0.242644 0.037549 0.068511
3 0.441041 0.327844 0.055336 0.059728
3 0.513669 0.326087 0.064229 0.105402
3 0.609519 0.217172 0.046443 0.070268
3 0.669796 0.221563 0.044466 0.086078