9 0.276706 0.613734 0.186419 0.355306
0 0.176192 0.416342 0.103436 0.151680
0 0.264142 0.356085 0.064282 0.137136
0 0.365533 0.276090 0.033310 0.097657
0 0.398259 0.292712 0.060192 0.099735
0 0.412576 0.227780 0.046751 0.061296
0 0.447055 0.313490 0.047920 0.074801
0 0.396505 0.418420 0.069542 0.143369
0 0.470138 0.418939 0.062529 0.177653
0 0.529745 0.440237 0.075386 0.166225
0 0.613604 0.466210 0.086489 0.247260
0 0.520395 0.241286 0.034479 0.061296
0 0.542017 0.202327 0.057854 0.058179
0 0.830411 0.308296 0.066620 0.135058
0 0.857293 0.232455 0.036232 0.062334
0 0.751519 0.211677 0.067789 0.124669
3 0.972417 0.241286 0.049088 0.092463
3 0.902583 0.355046 0.080061 0.143369
3 0.973936 0.379980 0.052127 0.120513
7 0.978319 0.295309 0.043361 0.059218
9 0.828074 0.477638 0.121552 0.222326
3 0.613312 0.215313 0.053179 0.067529
3 0.674088 0.227780 0.053179 0.094541
6 0.570068 0.275570 0.043829 0.117396
6 0.627045 0.285440 0.056101 0.105969
3 0.519518 0.316087 0.068957 0.098696
3 0.315568 0.287518 0.070126 0.099735