9 0.260211 0.774045 0.197628 0.446201
8 0.467227 0.114405 0.034585 0.110672
1 0.368906 0.219807 0.041502 0.057971
1 0.428689 0.161836 0.032609 0.068511
1 0.595191 0.148661 0.047431 0.066755
1 0.642622 0.148661 0.035573 0.059728
1 0.679183 0.150417 0.037549 0.070268
1 0.862978 0.167106 0.037549 0.061484
1 0.806159 0.212780 0.052372 0.064998
1 0.876812 0.316425 0.037549 0.093105
4 0.456357 0.187308 0.044466 0.052701
4 0.663373 0.211023 0.053360 0.082565
4 0.489954 0.352437 0.085968 0.094862
3 0.199440 0.460474 0.072134 0.103645
3 0.244401 0.355072 0.061265 0.096618
3 0.290349 0.343654 0.048419 0.126482
3 0.350132 0.270751 0.063241 0.079051
3 0.405468 0.217172 0.045455 0.077295
3 0.604578 0.196091 0.040514 0.070268
3 0.613966 0.273386 0.061265 0.101888
3 0.551713 0.255819 0.051383 0.063241
3 0.418314 0.331357 0.049407 0.101888
3 0.388669 0.452569 0.065217 0.154589
3 0.462286 0.492973 0.089921 0.137022
3 0.859025 0.222442 0.055336 0.087835
3 0.808136 0.285683 0.068182 0.105402
3 0.788373 0.437637 0.091897 0.149319
3 0.824934 0.653711 0.111660 0.223101
0 0.711792 0.588713 0.110672 0.230127
0 0.874835 0.449934 0.069170 0.166886
0 0.805665 0.142512 0.029644 0.064998
0 0.558630 0.176768 0.041502 0.080808
0 0.495389 0.244401 0.057312 0.096618
1 0.307642 0.263724 0.037549 0.100132
4 0.166831 0.442907 0.034585 0.089592