9 0.289361 0.599253 0.174901 0.335529
0 0.189559 0.414800 0.076087 0.145806
0 0.270092 0.350681 0.069170 0.119455
0 0.311100 0.290075 0.046443 0.110672
0 0.350626 0.290953 0.050395 0.112429
3 0.394598 0.292710 0.053360 0.101888
0 0.423254 0.242644 0.047431 0.079051
0 0.402009 0.413043 0.068182 0.166886
0 0.460804 0.419192 0.073123 0.179183
0 0.526021 0.440272 0.079051 0.179183
0 0.607543 0.447299 0.091897 0.186210
3 0.430665 0.326965 0.044466 0.075538
0 0.517128 0.339262 0.084980 0.142292
3 0.514657 0.245279 0.034585 0.056214
0 0.566041 0.284805 0.058300 0.110672
0 0.621871 0.298858 0.077075 0.128239
0 0.547760 0.207510 0.035573 0.054458
3 0.612484 0.222442 0.058300 0.087835
3 0.667819 0.242644 0.066206 0.121212
0 0.740448 0.208388 0.081028 0.129996
0 0.817029 0.483311 0.095850 0.240668
3 0.828887 0.319939 0.078063 0.145806
3 0.901515 0.350681 0.067194 0.144049
3 0.976449 0.384058 0.047101 0.108915
3 0.855567 0.252306 0.032609 0.070268
0 0.973979 0.317303 0.052042 0.094862
3 0.968544 0.263724 0.062912 0.110672