9 0.052421 0.822207 0.104842 0.351042
3 0.188176 0.431372 0.069817 0.136656
0 0.268923 0.352387 0.060649 0.124118
3 0.312647 0.291582 0.046544 0.082746
3 0.356723 0.290328 0.048660 0.100298
3 0.400799 0.292209 0.053597 0.096537
3 0.416314 0.233911 0.045134 0.057671
3 0.517513 0.328984 0.071227 0.109074
3 0.444523 0.335253 0.059238 0.078984
3 0.828044 0.316865 0.068406 0.124118
3 0.904208 0.347581 0.062764 0.142924
3 0.980136 0.390835 0.039727 0.106566
3 0.970146 0.243522 0.035261 0.065194
3 0.975905 0.306209 0.048190 0.055164
3 0.855900 0.258567 0.033850 0.065194
0 0.794546 0.466685 0.078984 0.215640
3 0.666549 0.228478 0.051481 0.085253
3 0.611895 0.215314 0.040903 0.071462
3 0.634814 0.292418 0.059944 0.107820
0 0.401034 0.418626 0.059238 0.147939
0 0.462388 0.420506 0.060649 0.174267
0 0.521627 0.428029 0.066291 0.154208
0 0.602374 0.441193 0.083921 0.183043
0 0.519864 0.254388 0.035966 0.060179
0 0.568876 0.283224 0.050776 0.107820
0 0.545957 0.201732 0.033145 0.060179
0 0.750118 0.199224 0.071932 0.102805