9 0.604084 0.908103 0.136364 0.183794
1 0.362978 0.159201 0.043478 0.080808
3 0.279480 0.242644 0.058300 0.089592
3 0.406950 0.176768 0.074111 0.066755
3 0.605072 0.164471 0.067194 0.098375
3 0.717721 0.175011 0.061265 0.105402
3 0.881258 0.281291 0.082016 0.117699
3 0.962121 0.301493 0.075758 0.101888
3 0.960804 0.229469 0.049407 0.070268
0 0.206851 0.573781 0.092885 0.186210
0 0.354084 0.395477 0.098814 0.166886
0 0.443017 0.408652 0.102767 0.172156
0 0.342227 0.227712 0.051383 0.119455
0 0.461792 0.275143 0.065217 0.144049
0 0.604084 0.312912 0.081028 0.142292
6 0.523551 0.304128 0.074111 0.149319
0 0.818017 0.499122 0.117589 0.212560
3 0.930171 0.567633 0.106719 0.230127