9 0.291859 0.582295 0.158730 0.311771
9 0.824693 0.469079 0.109447 0.228708
0 0.185612 0.434374 0.085765 0.147921
0 0.270417 0.344484 0.069764 0.111509
0 0.403226 0.272800 0.043523 0.093304
0 0.624680 0.288730 0.065284 0.116061
0 0.753008 0.219321 0.067204 0.138818
0 0.454109 0.307504 0.048003 0.078512
0 0.400346 0.411617 0.071045 0.150196
0 0.458589 0.424703 0.063364 0.130853
0 0.523554 0.425272 0.071685 0.163850
0 0.605799 0.463959 0.091526 0.211640
0 0.837174 0.308073 0.071685 0.122888
3 0.967742 0.254025 0.060164 0.078512
3 0.907898 0.352449 0.072325 0.150196
3 0.974142 0.369517 0.044803 0.086477
3 0.854455 0.209649 0.002560 0.001138
3 0.672363 0.238664 0.060804 0.086477
3 0.613159 0.210787 0.043523 0.083063
3 0.552355 0.214769 0.043523 0.077374
3 0.523874 0.243216 0.045443 0.031860
3 0.520033 0.307504 0.062084 0.064857
3 0.325141 0.283609 0.042243 0.092166
3 0.360663 0.268817 0.033922 0.103544
7 0.418267 0.225579 0.028802 0.042100
7 0.870456 0.230699 0.064004 0.043238
7 0.976190 0.297263 0.047619 0.060306