0 0.187582 0.417435 0.072134 0.144049
0 0.271080 0.354194 0.071146 0.119455
0 0.312582 0.287440 0.047431 0.098375
0 0.352602 0.290075 0.048419 0.107159
0 0.396574 0.290953 0.057312 0.098375
0 0.423748 0.244401 0.056324 0.089592
0 0.399539 0.424462 0.067194 0.154589
0 0.463274 0.422705 0.068182 0.172156
0 0.525527 0.427975 0.072134 0.161616
0 0.610013 0.446421 0.096838 0.191480
0 0.441535 0.336627 0.074111 0.108915
0 0.519104 0.335749 0.081028 0.138779
0 0.520586 0.271629 0.050395 0.108915
0 0.567029 0.283048 0.058300 0.110672
0 0.621871 0.297101 0.081028 0.128239
3 0.553689 0.223320 0.057312 0.096618
3 0.612484 0.229469 0.058300 0.094862
3 0.665843 0.238252 0.056324 0.112429
3 0.828887 0.319060 0.074111 0.151076
3 0.901515 0.354194 0.069170 0.137022
3 0.976943 0.388450 0.046113 0.110672
3 0.859519 0.266359 0.058300 0.108915
0 0.747365 0.209267 0.067194 0.110672
0 0.964756 0.258454 0.067194 0.096618
0 0.975461 0.307642 0.049078 0.093105
0 0.807148 0.472771 0.101779 0.219587
9 0.297266 0.586957 0.165020 0.324989