2 0.625329 0.247036 0.058300 0.101888
9 0.230072 0.756148 0.208498 0.487703
0 0.315053 0.259332 0.040514 0.105402
0 0.555665 0.181159 0.049407 0.082565
0 0.810606 0.150417 0.031621 0.063241
0 0.876318 0.442907 0.087945 0.184453
1 0.368906 0.214537 0.029644 0.068511
1 0.429183 0.159201 0.033597 0.059728
1 0.594697 0.146025 0.034585 0.068511
1 0.640151 0.140755 0.034585 0.054458
1 0.683136 0.139877 0.025692 0.070268
1 0.865942 0.153931 0.039526 0.049188
1 0.803689 0.206632 0.053360 0.063241
3 0.198946 0.457839 0.063241 0.101888
3 0.238472 0.352437 0.029644 0.073781
3 0.280962 0.355072 0.059289 0.072025
3 0.348155 0.269873 0.057312 0.070268
3 0.404974 0.205753 0.040514 0.082565
3 0.461792 0.499122 0.086957 0.121212
3 0.375823 0.468379 0.071146 0.115942
3 0.330369 0.431489 0.039526 0.126482
3 0.419302 0.336627 0.051383 0.091348
3 0.493906 0.248792 0.050395 0.084321
3 0.563076 0.247914 0.048419 0.093105
3 0.664855 0.189943 0.052372 0.100132
3 0.612978 0.189943 0.047431 0.064998
3 0.708333 0.589592 0.103755 0.189723
3 0.823946 0.643171 0.111660 0.198507
3 0.789361 0.439394 0.080040 0.156346
3 0.861001 0.231225 0.043478 0.091348
3 0.810606 0.289196 0.063241 0.094862
4 0.496377 0.347167 0.086957 0.091348
4 0.450922 0.184673 0.043478 0.040404
4 0.162385 0.441151 0.031621 0.100132
1 0.872859 0.315547 0.053360 0.101888