9 0.295290 0.595740 0.166996 0.307422
1 0.189065 0.425340 0.079051 0.142292
1 0.308630 0.283048 0.043478 0.100132
1 0.353096 0.291831 0.053360 0.107159
0 0.273057 0.357708 0.063241 0.108915
0 0.397563 0.285683 0.055336 0.108915
0 0.424736 0.240009 0.056324 0.087835
0 0.396080 0.418314 0.074111 0.152833
0 0.458827 0.420949 0.071146 0.175670
0 0.523057 0.430610 0.077075 0.177426
0 0.607543 0.454326 0.093874 0.214317
1 0.445982 0.344532 0.075099 0.114185
0 0.518610 0.325209 0.085968 0.177426
0 0.521080 0.278656 0.053360 0.119455
0 0.566535 0.286561 0.057312 0.117699
0 0.623847 0.297980 0.081028 0.126482
3 0.554183 0.222442 0.060277 0.098375
3 0.611495 0.228590 0.066206 0.114185
3 0.667819 0.235617 0.052372 0.107159
0 0.748847 0.205753 0.064229 0.117699
0 0.810112 0.480676 0.107708 0.231884
0 0.967556 0.257576 0.064888 0.115942
0 0.971509 0.317303 0.056982 0.108915
0 0.827404 0.319060 0.077075 0.147563
3 0.901515 0.348046 0.071146 0.138779
3 0.976943 0.389328 0.046113 0.122969
3 0.856061 0.274264 0.069170 0.124726