9 0.292819 0.589592 0.173913 0.309179
3 0.186100 0.422705 0.077075 0.144049
0 0.269104 0.357708 0.071146 0.112429
0 0.313076 0.290953 0.046443 0.101888
6 0.351614 0.290075 0.042490 0.107159
6 0.394104 0.294466 0.054348 0.098375
0 0.423254 0.242644 0.047431 0.082565
0 0.403985 0.412165 0.072134 0.165130
0 0.462286 0.423584 0.066206 0.177426
0 0.523551 0.437637 0.082016 0.170400
0 0.607049 0.443786 0.094862 0.200264
3 0.444499 0.322574 0.066206 0.073781
3 0.519104 0.340141 0.084980 0.140536
0 0.566535 0.286561 0.053360 0.117699
0 0.621871 0.300615 0.081028 0.128239
0 0.547760 0.206632 0.033597 0.056214
3 0.611001 0.218928 0.063241 0.080808
3 0.668314 0.242644 0.061265 0.121212
3 0.743412 0.214537 0.079051 0.117699
0 0.817029 0.480676 0.101779 0.231884
0 0.825922 0.318182 0.076087 0.145806
3 0.902997 0.356829 0.068182 0.135266
3 0.976449 0.385815 0.047101 0.105402
0 0.972003 0.313790 0.055994 0.087835
3 0.857543 0.245279 0.028656 0.063241
3 0.966238 0.258454 0.062253 0.103645
3 0.519104 0.250549 0.033597 0.056214