0 0.186594 0.418314 0.068182 0.145806
0 0.273057 0.354194 0.075099 0.115942
0 0.402503 0.419192 0.067194 0.158103
0 0.459816 0.425340 0.069170 0.177426
0 0.525033 0.438516 0.073123 0.182697
0 0.607049 0.449934 0.098814 0.202020
0 0.565053 0.283926 0.046443 0.126482
0 0.621377 0.297980 0.078063 0.119455
0 0.548254 0.207510 0.034585 0.064998
0 0.815547 0.483311 0.092885 0.226614
0 0.975461 0.316425 0.049078 0.089592
5 0.314065 0.282170 0.044466 0.105402
6 0.351614 0.287440 0.048419 0.105402
6 0.396574 0.293588 0.055336 0.103645
0 0.424242 0.241765 0.049407 0.084321
3 0.433136 0.323452 0.039526 0.064998
3 0.514657 0.333992 0.080040 0.145806
3 0.610013 0.222442 0.061265 0.101888
3 0.667325 0.245279 0.057312 0.112429
3 0.744895 0.213658 0.083992 0.126482
3 0.830369 0.319060 0.073123 0.147563
3 0.900527 0.355951 0.069170 0.137022
3 0.976943 0.385815 0.046113 0.115942
3 0.864460 0.270751 0.046443 0.107159
3 0.968709 0.258454 0.061265 0.103645
9 0.287879 0.596618 0.167984 0.337286