9 0.051011 0.818445 0.102022 0.353550
3 0.188940 0.426641 0.082863 0.131641
3 0.273566 0.356903 0.059944 0.104999
3 0.312353 0.295000 0.045839 0.081492
3 0.358192 0.287164 0.047602 0.090895
3 0.402709 0.292649 0.050247 0.089328
3 0.417254 0.226045 0.037024 0.050149
0 0.400065 0.418805 0.060825 0.159850
0 0.461330 0.422723 0.063470 0.173954
0 0.523919 0.428208 0.070522 0.166118
0 0.598407 0.442312 0.078456 0.194327
3 0.439292 0.334440 0.052891 0.083059
3 0.512018 0.317985 0.062588 0.087761
0 0.519511 0.250597 0.029972 0.062686
0 0.567113 0.279590 0.049365 0.104999
3 0.631905 0.288732 0.064351 0.112835
3 0.832893 0.317724 0.069640 0.145745
3 0.906500 0.350634 0.061707 0.133208
3 0.980577 0.388246 0.038846 0.117536
3 0.969529 0.251903 0.048484 0.073656
0 0.553450 0.204105 0.032616 0.056417
3 0.615156 0.222128 0.050247 0.073656
3 0.666725 0.246418 0.054654 0.106566
0 0.745181 0.205783 0.062059 0.099483
5 0.800609 0.466173 0.104669 0.192677