9 0.211792 0.766689 0.219368 0.466622
1 0.368906 0.214537 0.029644 0.075538
1 0.430171 0.154809 0.029644 0.057971
1 0.596179 0.142512 0.033597 0.061484
1 0.633234 0.146025 0.030632 0.054458
1 0.677207 0.147782 0.033597 0.064998
1 0.805665 0.154809 0.041502 0.068511
1 0.857049 0.169741 0.035573 0.066755
1 0.802701 0.217172 0.055336 0.073781
4 0.460804 0.185551 0.043478 0.049188
4 0.489460 0.352437 0.077075 0.087835
0 0.880270 0.445542 0.062253 0.175670
0 0.556653 0.172376 0.037549 0.079051
0 0.714756 0.578173 0.088933 0.219587
3 0.206851 0.470136 0.055336 0.091348
3 0.234519 0.354194 0.041502 0.087835
3 0.278491 0.355951 0.070158 0.073781
3 0.353096 0.280413 0.069170 0.070268
3 0.399539 0.218928 0.051383 0.080808
3 0.419796 0.331357 0.052372 0.105402
1 0.496871 0.251427 0.062253 0.075538
3 0.558630 0.254941 0.063241 0.096618
3 0.622859 0.253184 0.061265 0.093105
3 0.604084 0.196091 0.049407 0.063241
3 0.658432 0.195213 0.057312 0.093105
3 0.861495 0.231225 0.050395 0.091348
3 0.807148 0.275143 0.066206 0.129996
3 0.791831 0.432367 0.092885 0.163373
3 0.835310 0.641414 0.122530 0.202020
3 0.390646 0.461353 0.079051 0.154589
3 0.468215 0.501757 0.089921 0.140536
0 0.313076 0.265481 0.040514 0.107159
2 0.339756 0.417435 0.038538 0.151076
4 0.163867 0.442907 0.032609 0.086078
1 0.873847 0.320817 0.059289 0.094862