9 0.365942 0.766689 0.258893 0.466622
3 0.940053 0.206632 0.043478 0.119455
3 0.934618 0.377910 0.062253 0.149319
1 0.446970 0.111770 0.049407 0.087835
1 0.739460 0.154809 0.055336 0.096618
0 0.378264 0.159134 0.087585 0.103805
0 0.394883 0.348778 0.110941 0.187647
0 0.491451 0.233395 0.073212 0.130954
0 0.521470 0.387638 0.065577 0.222781
0 0.551338 0.239516 0.070517 0.091029
0 0.503728 0.111357 0.049856 0.101409
0 0.576716 0.160864 0.047610 0.118976
0 0.626123 0.183621 0.061983 0.142133
0 0.668568 0.132518 0.043568 0.094223
0 0.695293 0.217158 0.042221 0.151715
0 0.900931 0.146891 0.041771 0.062283
0 0.892622 0.201188 0.049407 0.065477
0 0.873084 0.295411 0.075009 0.154909
0 0.834232 0.413190 0.071865 0.126961
0 0.801443 0.585666 0.098814 0.273885