9 0.047485 0.807162 0.094969 0.305908
3 0.190053 0.418314 0.071146 0.103645
3 0.320259 0.283718 0.041046 0.105402
3 0.359025 0.281015 0.039526 0.097294
3 0.399691 0.292501 0.040286 0.087835
3 0.417934 0.230341 0.041806 0.041890
3 0.440737 0.335743 0.050927 0.068917
3 0.512187 0.320203 0.070690 0.081078
3 0.668390 0.243854 0.044086 0.104051
3 0.610621 0.224260 0.050167 0.083781
3 0.830166 0.314798 0.066130 0.129725
3 0.905797 0.345202 0.066890 0.131077
3 0.976487 0.376958 0.042566 0.081078
3 0.975727 0.308717 0.045607 0.060809
3 0.972687 0.245206 0.044086 0.063511
5 0.787980 0.472901 0.074491 0.213506
0 0.597573 0.448577 0.063089 0.197291
0 0.518521 0.431686 0.073731 0.166211
0 0.458473 0.420200 0.060049 0.162157
0 0.395764 0.416146 0.065369 0.145941
0 0.521562 0.249260 0.026604 0.049998
0 0.547786 0.210747 0.024324 0.045944
0 0.564508 0.289123 0.045607 0.097294
3 0.632158 0.289123 0.071450 0.110807
0 0.743894 0.208045 0.059289 0.116212
0 0.857530 0.221558 0.038766 0.056755
0 0.268065 0.347454 0.071450 0.098645