9 0.041843 0.824714 0.083686 0.320953
3 0.193017 0.431489 0.073123 0.126482
3 0.313076 0.285683 0.042490 0.087835
3 0.353096 0.283926 0.045455 0.087835
3 0.396574 0.284805 0.057312 0.079051
3 0.634223 0.298858 0.064229 0.107159
3 0.830863 0.315547 0.066206 0.133509
3 0.907938 0.352437 0.062253 0.115942
3 0.983860 0.389328 0.032279 0.077295
3 0.975626 0.307642 0.045455 0.054458
3 0.976614 0.243522 0.039526 0.059728
5 0.776021 0.481555 0.084980 0.198507
0 0.601614 0.442907 0.074111 0.173913
0 0.522068 0.434124 0.067194 0.166886
0 0.463274 0.422705 0.064229 0.165130
0 0.401515 0.420949 0.059289 0.147563
0 0.419302 0.223320 0.035573 0.043917
0 0.547760 0.209267 0.027668 0.040404
0 0.522068 0.254941 0.031621 0.050944
0 0.564559 0.286561 0.053360 0.086078
0 0.746871 0.207510 0.062253 0.107159
0 0.855072 0.234739 0.033597 0.066755
0 0.667325 0.237374 0.051383 0.093105
3 0.618412 0.231225 0.058300 0.098375
3 0.526515 0.328722 0.085968 0.100132
3 0.446970 0.324330 0.051383 0.066755
0 0.273551 0.353316 0.066206 0.110672