3 0.403491 0.182916 0.059289 0.075538
3 0.606555 0.169741 0.064229 0.098375
3 0.725626 0.175889 0.079051 0.107159
3 0.878788 0.277778 0.073123 0.124726
3 0.962121 0.306763 0.075758 0.094862
3 0.961792 0.227712 0.053360 0.084321
1 0.358037 0.163592 0.051383 0.086078
9 0.573452 0.939723 0.142292 0.120553
0 0.232049 0.574660 0.129447 0.184453
0 0.278491 0.240009 0.064229 0.080808
0 0.338274 0.224199 0.059289 0.112429
0 0.362978 0.397233 0.081028 0.173913
0 0.441041 0.403382 0.083004 0.158103
0 0.466733 0.283926 0.061265 0.168643
0 0.526515 0.294466 0.068182 0.144049
0 0.599638 0.307642 0.074111 0.142292
0 0.806653 0.500878 0.106719 0.216074
0 0.928195 0.557971 0.122530 0.221344