1 0.229767 0.602423 0.146091 0.210334
0 0.350137 0.398491 0.069959 0.179241
0 0.424726 0.414952 0.101852 0.175583
0 0.461763 0.286008 0.077160 0.162780
0 0.805898 0.527435 0.096708 0.192044
3 0.518861 0.307042 0.094650 0.160951
3 0.275034 0.241198 0.088477 0.102423
3 0.337791 0.233882 0.065844 0.142661
3 0.356310 0.166209 0.057613 0.117055
3 0.409808 0.175354 0.074074 0.087791
3 0.625343 0.172611 0.062757 0.133516
3 0.720508 0.204618 0.074074 0.149977
3 0.883573 0.297897 0.087449 0.139003
3 0.951475 0.323503 0.089506 0.153635
3 0.935528 0.597851 0.125514 0.248743
1 0.612483 0.346365 0.129630 0.181070
7 0.959019 0.261317 0.081962 0.168267