9 0.290349 0.785134 0.220356 0.429732
1 0.367424 0.216293 0.034585 0.075538
1 0.428689 0.164471 0.034585 0.084321
1 0.596179 0.146904 0.037549 0.063241
1 0.634717 0.141634 0.027668 0.052701
1 0.682642 0.150417 0.032609 0.063241
1 0.807642 0.157444 0.041502 0.070268
1 0.860013 0.161836 0.031621 0.064998
1 0.804183 0.217172 0.052372 0.070268
4 0.452899 0.184673 0.043478 0.047431
4 0.489954 0.355951 0.078063 0.094862
0 0.556653 0.178524 0.041502 0.080808
0 0.491930 0.237374 0.046443 0.103645
0 0.305665 0.257576 0.045455 0.080808
0 0.338274 0.423584 0.045455 0.163373
0 0.716733 0.591348 0.108696 0.256478
6 0.784914 0.420949 0.079051 0.168643
6 0.866930 0.430610 0.077075 0.187967
3 0.197958 0.445542 0.059289 0.084321
3 0.238472 0.349802 0.037549 0.082565
3 0.273057 0.353316 0.051383 0.075538
3 0.349144 0.276899 0.061265 0.070268
3 0.402503 0.211023 0.049407 0.072025
3 0.417819 0.331357 0.054348 0.101888
3 0.390646 0.459596 0.073123 0.140536
3 0.466733 0.499122 0.098814 0.145806
3 0.553689 0.249671 0.047431 0.093105
3 0.614460 0.265481 0.054348 0.107159
3 0.602108 0.199605 0.045455 0.063241
3 0.658432 0.197848 0.053360 0.094862
3 0.809618 0.287440 0.065217 0.126482
3 0.862978 0.240887 0.053360 0.096618
3 0.834321 0.652833 0.122530 0.221344
4 0.163867 0.438516 0.034585 0.091348
1 0.877800 0.320817 0.053360 0.080808