9 0.515646 0.947628 0.147233 0.104743
1 0.359519 0.158322 0.050395 0.093105
3 0.283926 0.241765 0.061265 0.098375
3 0.404480 0.179403 0.077075 0.068511
3 0.594203 0.160079 0.073123 0.082565
3 0.715744 0.173254 0.063241 0.098375
3 0.886199 0.288318 0.080040 0.128239
3 0.951416 0.312912 0.076087 0.114185
3 0.963768 0.227712 0.055336 0.080808
3 0.932148 0.587835 0.132411 0.263505
0 0.225626 0.570268 0.098814 0.179183
0 0.361989 0.398112 0.071146 0.165130
0 0.441535 0.413922 0.089921 0.182697
0 0.344203 0.220685 0.063241 0.112429
0 0.470685 0.280413 0.063241 0.147563
0 0.529974 0.297101 0.071146 0.152833
0 0.608531 0.317303 0.074111 0.154589
0 0.810606 0.491217 0.126482 0.196750