0 0.230567 0.559728 0.088933 0.207290
0 0.362484 0.394598 0.074111 0.165130
0 0.440053 0.410408 0.084980 0.154589
0 0.469203 0.273386 0.058300 0.133509
0 0.527503 0.296223 0.076087 0.151076
0 0.606061 0.315547 0.073123 0.158103
0 0.815053 0.486825 0.127470 0.198507
0 0.342227 0.228590 0.059289 0.124726
3 0.283926 0.240887 0.065217 0.086078
1 0.357049 0.163592 0.045455 0.075538
3 0.407444 0.173254 0.049407 0.080808
3 0.606061 0.165349 0.069170 0.093105
3 0.722167 0.181159 0.062253 0.114185
3 0.877800 0.277778 0.067194 0.096618
3 0.955863 0.228590 0.065217 0.064998
3 0.955369 0.315547 0.076087 0.126482
3 0.931159 0.580808 0.114625 0.249451
9 0.510705 0.932148 0.133399 0.133509