3 0.204875 0.452569 0.081028 0.094862
3 0.236001 0.348924 0.034585 0.080808
3 0.273057 0.353316 0.059289 0.075538
3 0.296772 0.268994 0.043478 0.079051
3 0.343215 0.271629 0.045455 0.073781
3 0.401515 0.210145 0.035573 0.070268
3 0.367918 0.211023 0.031621 0.082565
3 0.426713 0.155687 0.032609 0.052701
3 0.464756 0.498243 0.083004 0.126482
3 0.372859 0.460474 0.055336 0.131752
3 0.328393 0.435002 0.049407 0.119455
3 0.420784 0.333992 0.058300 0.093105
3 0.493906 0.254062 0.060277 0.087835
3 0.557148 0.254062 0.046443 0.066755
3 0.709816 0.603645 0.106719 0.210804
3 0.829381 0.640536 0.108696 0.214317
3 0.787385 0.447299 0.082016 0.158103
3 0.875329 0.449934 0.072134 0.187967
3 0.811594 0.284805 0.061265 0.100132
3 0.863472 0.232104 0.048419 0.082565
3 0.661891 0.189943 0.050395 0.093105
1 0.599144 0.146025 0.049407 0.054458
1 0.681653 0.151296 0.034585 0.068511
1 0.634717 0.139877 0.023715 0.063241
1 0.807148 0.157444 0.046443 0.063241
1 0.861495 0.165349 0.040514 0.068511
1 0.805171 0.217172 0.068182 0.070268
1 0.619401 0.261089 0.062253 0.108915
4 0.492424 0.355951 0.083004 0.094862
4 0.456357 0.186430 0.048419 0.043917
3 0.606061 0.195213 0.049407 0.079051
0 0.552701 0.181159 0.037549 0.082565
9 0.244401 0.764054 0.229249 0.471892
1 0.876812 0.311155 0.061265 0.089592
4 0.158432 0.446421 0.047431 0.072025