9 0.283378 0.587913 0.157183 0.292048
0 0.187239 0.418658 0.075418 0.142042
0 0.277031 0.351288 0.072805 0.130758
3 0.319967 0.279271 0.053390 0.094252
0 0.364583 0.271970 0.032855 0.116819
0 0.399119 0.288896 0.046670 0.104208
0 0.417600 0.225508 0.051523 0.047790
0 0.444295 0.312790 0.058617 0.069693
0 0.401919 0.412684 0.053763 0.155317
0 0.462590 0.418326 0.069818 0.165273
0 0.518780 0.308144 0.066458 0.084296
0 0.527740 0.423304 0.065711 0.179211
0 0.607826 0.448858 0.095206 0.193150
0 0.625187 0.298188 0.073178 0.117483
0 0.551449 0.208582 0.033229 0.049781
0 0.567130 0.278939 0.040696 0.109518
7 0.523634 0.246084 0.035842 0.055755
3 0.613799 0.215552 0.057124 0.063720
3 0.668309 0.228495 0.049657 0.113501
0 0.748021 0.205264 0.071685 0.134740
0 0.853308 0.232145 0.046296 0.061065
0 0.828106 0.314782 0.060857 0.122793
3 0.973604 0.242765 0.052792 0.070357
3 0.899978 0.350956 0.073551 0.128767
3 0.969870 0.378833 0.060260 0.107527
7 0.976964 0.292878 0.046072 0.067038
9 0.823439 0.478727 0.113127 0.225010