9 0.272068 0.778986 0.179842 0.442028
1 0.370389 0.215415 0.032609 0.073781
1 0.430171 0.160079 0.033597 0.068511
1 0.595685 0.149539 0.040514 0.061484
1 0.642128 0.148661 0.036561 0.059728
1 0.681159 0.152174 0.037549 0.073781
1 0.808136 0.159201 0.034585 0.080808
1 0.860507 0.168863 0.046443 0.057971
1 0.806159 0.219807 0.058300 0.068511
4 0.458333 0.183794 0.046443 0.049188
4 0.487978 0.353316 0.080040 0.086078
0 0.711792 0.579051 0.106719 0.210804
0 0.559618 0.178524 0.039526 0.084321
3 0.206851 0.459596 0.069170 0.108915
3 0.238472 0.348046 0.031621 0.075538
3 0.277503 0.355951 0.050395 0.080808
3 0.351120 0.278656 0.057312 0.087835
3 0.402503 0.213658 0.043478 0.080808
3 0.604578 0.200483 0.040514 0.072025
3 0.659914 0.217172 0.046443 0.084321
3 0.863472 0.232982 0.042490 0.080808
3 0.560112 0.254062 0.056324 0.091348
3 0.616930 0.261089 0.057312 0.115942
3 0.808630 0.276899 0.067194 0.140536
3 0.416831 0.326965 0.050395 0.096618
3 0.880764 0.461353 0.081028 0.189723
3 0.789361 0.435002 0.087945 0.147563
3 0.829875 0.645806 0.111660 0.210804
3 0.469203 0.496487 0.091897 0.122969
3 0.392622 0.456083 0.084980 0.147563
2 0.309618 0.264603 0.043478 0.080808
2 0.309124 0.435002 0.082016 0.133509
1 0.490942 0.252306 0.058300 0.073781
1 0.874341 0.312033 0.058300 0.098375
4 0.161397 0.442029 0.045455 0.077295