9 0.350626 0.763505 0.251976 0.453228
1 0.378915 0.161115 0.079051 0.114185
1 0.443144 0.113482 0.058528 0.089186
3 0.946590 0.219672 0.052448 0.126347
3 0.889011 0.210888 0.061189 0.060133
3 0.946210 0.381153 0.069930 0.150671
0 0.391076 0.348721 0.100334 0.187156
0 0.535307 0.382504 0.081712 0.243911
0 0.560961 0.248387 0.060809 0.116212
0 0.496922 0.224063 0.067270 0.116212
0 0.582877 0.151318 0.050927 0.104051
0 0.502306 0.115508 0.050927 0.110807
0 0.630384 0.188141 0.070690 0.141211
0 0.677891 0.128008 0.050167 0.079051
0 0.737179 0.159426 0.059289 0.094591
0 0.691573 0.230369 0.089693 0.175670
0 0.893319 0.149967 0.042946 0.085132
0 0.874126 0.300975 0.053968 0.170940
0 0.831370 0.416624 0.076391 0.158103
0 0.788424 0.601078 0.112116 0.281072