9 0.295784 0.580808 0.164032 0.312692
1 0.188076 0.428854 0.079051 0.156346
0 0.267128 0.357708 0.063241 0.119455
0 0.315547 0.284805 0.041502 0.100132
6 0.349638 0.291831 0.042490 0.096618
6 0.396574 0.295345 0.053360 0.093105
0 0.419796 0.247036 0.046443 0.087835
0 0.403985 0.410408 0.070158 0.172156
0 0.461792 0.420949 0.071146 0.175670
0 0.525527 0.438516 0.078063 0.175670
0 0.605567 0.442029 0.089921 0.196750
3 0.441535 0.321695 0.056324 0.064998
0 0.518610 0.341019 0.078063 0.145806
0 0.515151 0.259332 0.037549 0.070268
0 0.564065 0.282170 0.050395 0.115942
0 0.623353 0.294466 0.082016 0.126482
0 0.548254 0.209267 0.028656 0.054458
3 0.611001 0.223320 0.059289 0.086078
3 0.665843 0.247036 0.058300 0.108915
3 0.745883 0.217172 0.080040 0.112429
0 0.813570 0.478920 0.088933 0.235397
0 0.826416 0.317303 0.075099 0.140536
3 0.901515 0.355951 0.071146 0.133509
3 0.975955 0.386693 0.048090 0.121212
3 0.862484 0.268994 0.052372 0.110672
3 0.975461 0.319939 0.049078 0.096618
3 0.968050 0.259332 0.063900 0.112429