9 0.369895 0.767567 0.268775 0.464866
3 0.942029 0.211902 0.045455 0.101888
3 0.943017 0.381423 0.067194 0.138779
1 0.448946 0.110892 0.047431 0.086078
1 0.694005 0.117040 0.045455 0.080808
1 0.735507 0.152174 0.063241 0.101888
1 0.486495 0.233860 0.083004 0.121212
0 0.377717 0.164361 0.072628 0.122090
0 0.394022 0.347936 0.110178 0.201142
0 0.526186 0.392292 0.071146 0.251208
0 0.553854 0.241656 0.061265 0.088713
0 0.501482 0.113856 0.039526 0.105402
0 0.573370 0.144598 0.054842 0.107159
0 0.624012 0.188516 0.060277 0.133509
0 0.688735 0.211353 0.055336 0.145806
0 0.897398 0.149429 0.035573 0.072903
0 0.889493 0.199056 0.047431 0.064998
0 0.878129 0.287769 0.052372 0.137022
0 0.834157 0.403711 0.058300 0.128239
0 0.798913 0.583919 0.100791 0.276680