9 0.278226 0.596655 0.150000 0.288650
9 0.820699 0.483871 0.105914 0.216010
0 0.193280 0.414576 0.068280 0.169176
0 0.403763 0.278375 0.048387 0.107049
0 0.419892 0.231063 0.040860 0.043011
0 0.393280 0.408363 0.057527 0.135723
0 0.444624 0.310394 0.058065 0.058303
0 0.458871 0.423178 0.063978 0.146237
0 0.534140 0.428435 0.060753 0.145281
0 0.619086 0.454241 0.082258 0.210275
0 0.569892 0.269773 0.051613 0.120430
0 0.748387 0.207646 0.076344 0.126165
0 0.831720 0.306571 0.055914 0.119474
3 0.972581 0.246834 0.039785 0.059259
3 0.905108 0.349104 0.070430 0.139546
0 0.977688 0.376344 0.044624 0.092712
3 0.859677 0.238232 0.033333 0.057348
3 0.663978 0.218160 0.047312 0.068817
3 0.608333 0.204301 0.048925 0.054480
3 0.542742 0.203823 0.028495 0.055436
3 0.522581 0.318519 0.074194 0.099403
6 0.621505 0.283154 0.063441 0.101314
6 0.513978 0.250179 0.045161 0.054480
3 0.275000 0.344325 0.061828 0.108961
3 0.316935 0.275508 0.055376 0.107049
3 0.368011 0.275986 0.034946 0.119474
7 0.980376 0.298447 0.039247 0.068817