3 0.402503 0.186430 0.061265 0.072025
3 0.607543 0.162714 0.082016 0.098375
3 0.713768 0.178524 0.067194 0.112429
3 0.879282 0.270751 0.076087 0.124726
3 0.967062 0.309398 0.065876 0.096618
3 0.959321 0.240009 0.054348 0.087835
0 0.226614 0.572025 0.108696 0.182697
9 0.572464 0.939174 0.136364 0.119455
0 0.360013 0.398112 0.079051 0.179183
0 0.445982 0.413922 0.088933 0.172156
0 0.470191 0.273386 0.072134 0.151076
0 0.530962 0.288318 0.065217 0.135266
0 0.603096 0.312912 0.075099 0.142292
0 0.806159 0.507905 0.117589 0.226614
0 0.934618 0.558849 0.121542 0.226614
0 0.338274 0.235617 0.059289 0.135266
0 0.280468 0.247036 0.064229 0.101888
1 0.357543 0.167106 0.054348 0.100132