0 0.222661 0.556214 0.096838 0.165130
0 0.811100 0.492095 0.109684 0.212560
0 0.934124 0.564998 0.116601 0.231884
0 0.357543 0.403382 0.083992 0.182697
0 0.443511 0.406017 0.089921 0.177426
0 0.598650 0.313790 0.085968 0.144049
0 0.481061 0.270751 0.050395 0.145806
0 0.527997 0.294466 0.075099 0.144049
0 0.336792 0.222442 0.066206 0.115942
0 0.278985 0.250549 0.061265 0.087835
3 0.612484 0.160079 0.052372 0.079051
3 0.717721 0.178524 0.063241 0.112429
3 0.873847 0.274264 0.079051 0.103645
3 0.961792 0.315547 0.073123 0.094862
3 0.957345 0.235617 0.054348 0.089592
1 0.357049 0.164471 0.049407 0.084321
4 0.407938 0.181159 0.068182 0.064998
9 0.588768 0.911616 0.109684 0.176768