9 0.230072 0.773715 0.186759 0.452569
1 0.598155 0.147782 0.041502 0.054458
1 0.374835 0.222442 0.033597 0.066755
1 0.634717 0.144269 0.043478 0.050944
1 0.678689 0.147782 0.040514 0.057971
1 0.807642 0.160079 0.041502 0.082565
1 0.858037 0.167984 0.041502 0.070268
1 0.808136 0.213658 0.056324 0.070268
1 0.495389 0.253184 0.057312 0.093105
8 0.430171 0.225955 0.041502 0.200264
7 0.423254 0.154809 0.035573 0.064998
4 0.456851 0.187308 0.033597 0.049188
4 0.491930 0.355951 0.083992 0.087835
0 0.310112 0.256697 0.030632 0.089592
0 0.556653 0.178524 0.049407 0.084321
0 0.709816 0.591348 0.106719 0.221344
3 0.193511 0.457839 0.058300 0.094862
3 0.249835 0.343654 0.050395 0.070268
3 0.295290 0.333114 0.052372 0.108915
3 0.352108 0.270751 0.059289 0.075538
3 0.395092 0.203996 0.030632 0.075538
3 0.607049 0.192578 0.053360 0.077295
3 0.553195 0.254062 0.062253 0.073781
3 0.615942 0.264603 0.061265 0.108915
3 0.856555 0.221563 0.050395 0.082565
3 0.809618 0.277778 0.073123 0.138779
3 0.789855 0.432367 0.094862 0.149319
3 0.465250 0.491217 0.089921 0.133509
3 0.386199 0.454326 0.074111 0.129996
3 0.831357 0.644928 0.106719 0.209047
3 0.419302 0.329600 0.051383 0.098375
4 0.665349 0.214537 0.053360 0.089592
0 0.877800 0.456083 0.077075 0.186210
4 0.165349 0.427097 0.037549 0.096618
1 0.877800 0.297980 0.051383 0.098375