2 0.224638 0.561484 0.112648 0.203777
0 0.362484 0.405138 0.078063 0.172156
0 0.449934 0.419192 0.100791 0.186210
0 0.339262 0.222442 0.057312 0.115942
0 0.464756 0.282170 0.063241 0.158103
0 0.525527 0.294466 0.074111 0.161616
0 0.607049 0.319939 0.077075 0.159859
0 0.812088 0.478041 0.139328 0.173913
1 0.358037 0.157444 0.047431 0.073781
9 0.491930 0.938845 0.121542 0.122310
3 0.284420 0.234739 0.056324 0.091348
3 0.402009 0.179403 0.066206 0.079051
3 0.604084 0.167106 0.071146 0.096618
3 0.720685 0.176768 0.063241 0.108915
6 0.876812 0.272508 0.073123 0.093105
6 0.953887 0.304128 0.071146 0.117699
3 0.955863 0.225955 0.045455 0.066755
3 0.936100 0.587835 0.116601 0.270531