9 0.051011 0.899937 0.102022 0.180536
0 0.269598 0.351559 0.056324 0.107159
0 0.398551 0.428854 0.061265 0.152833
0 0.459816 0.426219 0.059289 0.161616
0 0.521574 0.433245 0.078063 0.165130
0 0.601614 0.447299 0.080040 0.186210
0 0.520092 0.257576 0.035573 0.063241
0 0.567523 0.287440 0.061265 0.091348
0 0.549242 0.211902 0.040514 0.059728
0 0.857049 0.237374 0.037549 0.079051
5 0.784420 0.486825 0.093874 0.205534
0 0.745389 0.204875 0.055336 0.108915
0 0.422266 0.221563 0.041502 0.064998
3 0.195982 0.427975 0.083004 0.133509
3 0.315547 0.289196 0.041502 0.098375
3 0.355567 0.287440 0.052372 0.084321
3 0.396574 0.286561 0.041502 0.068511
3 0.448946 0.326087 0.047431 0.063241
3 0.521574 0.327844 0.068182 0.101888
3 0.615448 0.219807 0.046443 0.075538
3 0.667325 0.236495 0.057312 0.094862
3 0.633729 0.304128 0.075099 0.103645
3 0.831357 0.313790 0.061265 0.144049
3 0.905468 0.351559 0.069170 0.117699
3 0.980896 0.383180 0.038208 0.072025
3 0.978426 0.318182 0.043148 0.079051
3 0.973155 0.248792 0.046443 0.070268