9 0.053126 0.841012 0.106252 0.313430
0 0.271080 0.347167 0.071146 0.087835
0 0.404480 0.421827 0.057312 0.159859
0 0.463274 0.429732 0.054348 0.179183
0 0.519598 0.435002 0.074111 0.161616
0 0.599144 0.444664 0.083004 0.187967
0 0.521574 0.253184 0.032609 0.057971
0 0.545290 0.203118 0.036561 0.042161
0 0.565053 0.279534 0.054348 0.089592
0 0.858037 0.238252 0.039526 0.056214
3 0.195487 0.428854 0.082016 0.128239
3 0.315547 0.283048 0.045455 0.093105
3 0.358531 0.280413 0.040514 0.084321
3 0.399045 0.282170 0.048419 0.073781
3 0.414855 0.231225 0.044466 0.035134
3 0.443511 0.336627 0.060277 0.077295
3 0.519104 0.326965 0.065217 0.103645
3 0.633234 0.304128 0.066206 0.114185
3 0.607543 0.224199 0.048419 0.084321
3 0.662879 0.240887 0.046443 0.086078
3 0.833333 0.316425 0.061265 0.142292
3 0.902503 0.349802 0.061265 0.124726
3 0.968544 0.242644 0.062912 0.064998
3 0.976449 0.385815 0.047101 0.105402
3 0.976449 0.307642 0.047101 0.072025
0 0.754282 0.212780 0.065217 0.121212
5 0.780468 0.474528 0.091897 0.191480