9 0.286738 0.593168 0.162784 0.319483
0 0.183692 0.418381 0.093090 0.113279
0 0.266826 0.348024 0.072182 0.128324
0 0.365392 0.265277 0.031362 0.100889
0 0.421147 0.222355 0.053266 0.057525
0 0.400737 0.284305 0.043309 0.105314
0 0.448029 0.317049 0.070191 0.076995
0 0.520211 0.305987 0.069196 0.084960
0 0.399492 0.419266 0.064715 0.143369
0 0.462963 0.426789 0.071187 0.167264
0 0.529172 0.436081 0.066209 0.192929
0 0.610812 0.452454 0.090104 0.234524
0 0.624751 0.293155 0.081143 0.117704
0 0.568748 0.258197 0.037834 0.074340
0 0.551075 0.210850 0.035344 0.050445
0 0.755177 0.206425 0.089108 0.163724
0 0.855984 0.234302 0.040820 0.072570
0 0.830844 0.306872 0.069196 0.120359
3 0.966697 0.252887 0.066606 0.079650
3 0.901035 0.358644 0.072680 0.151334
3 0.973417 0.378999 0.053166 0.096464
7 0.976653 0.303775 0.046694 0.061065
3 0.613799 0.205983 0.048785 0.067260
3 0.671047 0.232532 0.051772 0.113279
3 0.319843 0.281650 0.055257 0.103544