0 0.226614 0.557971 0.112648 0.161616
0 0.360013 0.406895 0.079051 0.182697
0 0.340744 0.227712 0.076087 0.126482
0 0.443017 0.410408 0.098814 0.168643
0 0.469697 0.282170 0.077075 0.165130
0 0.520586 0.304128 0.074111 0.152833
0 0.599144 0.319060 0.083004 0.154589
0 0.814559 0.503513 0.106719 0.235397
0 0.935606 0.564998 0.113636 0.224857
3 0.283926 0.244401 0.071146 0.089592
3 0.406456 0.185551 0.057312 0.077295
3 0.609025 0.163592 0.063241 0.086078
3 0.718215 0.174133 0.072134 0.103645
3 0.879776 0.280413 0.075099 0.098375
3 0.965580 0.324330 0.068840 0.108915
3 0.962780 0.232982 0.059289 0.077295
1 0.361989 0.166227 0.055336 0.098375
9 0.582345 0.921278 0.116601 0.157444