1 0.222565 0.594193 0.119342 0.197531
0 0.355281 0.407636 0.106996 0.186557
0 0.433470 0.415866 0.080247 0.206676
0 0.464849 0.298811 0.064815 0.155464
0 0.802812 0.539323 0.135802 0.212163
3 0.274005 0.261317 0.074074 0.124371
3 0.331619 0.231139 0.078189 0.133516
3 0.343964 0.160722 0.049383 0.135345
3 0.405693 0.174440 0.098765 0.118884
3 0.619684 0.149749 0.074074 0.113397
3 0.720508 0.172611 0.127572 0.104252
3 0.533265 0.319845 0.090535 0.139003
3 0.884602 0.293324 0.073045 0.122542
3 0.950789 0.311614 0.098422 0.137174
3 0.936557 0.591449 0.115226 0.254230
1 0.626886 0.356424 0.117284 0.160951
7 0.960219 0.254001 0.063786 0.175583