9 0.370883 0.771410 0.262846 0.447958
3 0.944499 0.218050 0.048419 0.107159
3 0.930665 0.386693 0.062253 0.128239
1 0.445487 0.102986 0.048419 0.087835
1 0.670784 0.129337 0.044466 0.070268
1 0.736495 0.158322 0.049407 0.110672
0 0.380892 0.150255 0.069719 0.109306
0 0.388029 0.340563 0.100461 0.179574
0 0.498097 0.227354 0.066974 0.124921
0 0.501940 0.111705 0.039526 0.106378
0 0.571384 0.158062 0.047760 0.119065
0 0.621615 0.187340 0.076856 0.138584
0 0.555739 0.245409 0.061484 0.092715
0 0.537074 0.377161 0.087835 0.227395
0 0.695176 0.221986 0.035134 0.151271
0 0.895275 0.149279 0.041173 0.062460
0 0.883472 0.200516 0.066974 0.071244
0 0.871670 0.288838 0.062033 0.142488
0 0.838732 0.412295 0.081796 0.143464
0 0.801951 0.596911 0.101559 0.286927