1 0.232853 0.590535 0.123457 0.219479
0 0.350137 0.410380 0.096708 0.177412
0 0.419582 0.421353 0.087449 0.195702
3 0.279149 0.245770 0.067901 0.129858
3 0.323388 0.241198 0.055556 0.109739
3 0.360940 0.160722 0.056584 0.120713
3 0.406722 0.189986 0.072016 0.113397
3 0.616598 0.153406 0.061728 0.135345
3 0.723080 0.184499 0.101852 0.117055
3 0.881001 0.290581 0.078189 0.102423
3 0.950274 0.304298 0.099451 0.148148
3 0.933985 0.592364 0.126543 0.267032
6 0.463306 0.293324 0.074074 0.162780
6 0.526063 0.311614 0.096708 0.155464
1 0.618656 0.371056 0.100823 0.190215
0 0.805898 0.502743 0.141975 0.219479