3 0.193294 0.424532 0.080993 0.127652
3 0.267128 0.359567 0.061546 0.116254
3 0.314570 0.291182 0.041031 0.075223
3 0.354519 0.289515 0.048484 0.092462
3 0.400358 0.287164 0.048484 0.084626
7 0.418430 0.233098 0.037024 0.054850
0 0.401681 0.418805 0.061707 0.147312
0 0.468762 0.427189 0.063640 0.170348
0 0.521738 0.436509 0.058644 0.170183
0 0.598701 0.439178 0.080219 0.178655
7 0.440909 0.336530 0.055536 0.073656
7 0.519805 0.316940 0.070522 0.087761
3 0.627791 0.296567 0.073166 0.106566
0 0.566966 0.283246 0.057299 0.092462
7 0.522449 0.254254 0.042313 0.062686
7 0.553744 0.209590 0.043195 0.057985
3 0.615450 0.222911 0.052010 0.068955
3 0.670545 0.225262 0.051128 0.067388
7 0.700076 0.266008 0.006171 0.014104
0 0.743712 0.217165 0.068759 0.097163
0 0.797044 0.466342 0.108427 0.222536
3 0.829220 0.320597 0.077574 0.141044
3 0.907675 0.355074 0.066996 0.141044
3 0.976316 0.387985 0.047367 0.125372
3 0.967942 0.252426 0.064116 0.092462
7 0.973231 0.319030 0.053538 0.072089
9 0.034086 0.944954 0.068171 0.110092