9 0.297266 0.593105 0.165020 0.309179
3 0.190547 0.427097 0.080040 0.121212
0 0.272068 0.351559 0.073123 0.117699
0 0.309618 0.285683 0.049407 0.094862
0 0.351614 0.286561 0.050395 0.103645
0 0.397563 0.292710 0.063241 0.105402
0 0.417819 0.240009 0.058300 0.087835
0 0.402009 0.413922 0.068182 0.154589
0 0.459816 0.416557 0.071146 0.166886
0 0.526021 0.429732 0.075099 0.172156
0 0.611495 0.435002 0.085968 0.182697
0 0.447464 0.334870 0.064229 0.119455
0 0.517128 0.333114 0.084980 0.147563
0 0.516634 0.274264 0.060277 0.114185
0 0.566041 0.284805 0.056324 0.117699
0 0.623353 0.298858 0.080040 0.128239
3 0.551219 0.219807 0.066206 0.096618
3 0.610013 0.230347 0.069170 0.103645
3 0.673748 0.236495 0.062253 0.129996
0 0.749341 0.209267 0.067194 0.114185
0 0.812582 0.478920 0.094862 0.221344
3 0.828887 0.318182 0.068182 0.149319
3 0.903985 0.348046 0.070158 0.138779
3 0.976449 0.380545 0.047101 0.122969
3 0.855072 0.275143 0.067194 0.122969
0 0.972003 0.317303 0.055994 0.101888
0 0.964592 0.253184 0.070816 0.100132