9 0.241436 0.770202 0.221344 0.459596
1 0.367918 0.217172 0.023715 0.070268
1 0.431159 0.158322 0.029644 0.064998
1 0.594203 0.144269 0.035573 0.057971
1 0.634717 0.148661 0.035573 0.066755
1 0.677701 0.144269 0.030632 0.064998
1 0.808630 0.156566 0.031621 0.061484
1 0.859025 0.162714 0.037549 0.066755
1 0.802701 0.211023 0.045455 0.061484
4 0.460310 0.185551 0.036561 0.042161
4 0.488966 0.355072 0.082016 0.089592
0 0.311100 0.261968 0.036561 0.096618
0 0.558630 0.175011 0.035573 0.084321
0 0.711792 0.578173 0.100791 0.223101
0 0.870389 0.433245 0.072134 0.186210
3 0.195982 0.451691 0.059289 0.100132
3 0.239460 0.349802 0.035573 0.079051
3 0.278491 0.348924 0.062253 0.073781
3 0.350132 0.273386 0.063241 0.084321
3 0.402503 0.217172 0.053360 0.084321
3 0.467227 0.501757 0.082016 0.133509
3 0.389163 0.460474 0.078063 0.138779
3 0.414855 0.329600 0.050395 0.098375
3 0.563570 0.252306 0.055336 0.091348
3 0.605072 0.193456 0.047431 0.079051
3 0.660902 0.202240 0.058300 0.100132
3 0.618906 0.258454 0.059289 0.124726
1 0.490448 0.247036 0.059289 0.087835
3 0.864954 0.229469 0.057312 0.087835
3 0.813570 0.280413 0.073123 0.098375
3 0.786891 0.432367 0.075099 0.152833
3 0.821970 0.644928 0.101779 0.216074
2 0.339756 0.419192 0.044466 0.172156
4 0.164361 0.446421 0.031621 0.089592
1 0.875329 0.319060 0.064229 0.098375