9 0.601614 0.923364 0.105731 0.140536
0 0.218709 0.564119 0.092885 0.177426
0 0.816535 0.505270 0.114625 0.231884
0 0.935112 0.562363 0.118577 0.233641
0 0.367424 0.395477 0.078063 0.163373
0 0.442029 0.404260 0.083004 0.159859
0 0.337780 0.231225 0.060277 0.133509
5 0.280962 0.245279 0.059289 0.091348
0 0.482543 0.262846 0.047431 0.126482
0 0.526515 0.294466 0.064229 0.140536
0 0.609025 0.312033 0.071146 0.144049
3 0.403491 0.190821 0.063241 0.073781
3 0.352108 0.166227 0.049407 0.087835
3 0.605567 0.162714 0.062253 0.094862
3 0.721673 0.173254 0.059289 0.094862
3 0.873847 0.276899 0.081028 0.108915
3 0.964592 0.317303 0.070816 0.115942
3 0.961792 0.239130 0.053360 0.086078