9 0.207345 0.784256 0.182806 0.431488
8 0.466733 0.110013 0.031621 0.108915
1 0.373353 0.218928 0.044466 0.080808
1 0.431159 0.153931 0.029644 0.056214
1 0.598650 0.140755 0.040514 0.061484
1 0.557148 0.185551 0.038538 0.094862
1 0.637681 0.143390 0.041502 0.056214
1 0.681653 0.147782 0.038538 0.068511
1 0.806653 0.158322 0.033597 0.079051
1 0.865448 0.168863 0.036561 0.079051
1 0.807148 0.211902 0.050395 0.059728
1 0.875329 0.312033 0.056324 0.098375
4 0.456357 0.189065 0.036561 0.063241
4 0.490942 0.350681 0.078063 0.091348
4 0.662385 0.218050 0.059289 0.093105
3 0.206357 0.457839 0.064229 0.101888
3 0.246377 0.348924 0.049407 0.087835
3 0.288373 0.338384 0.048419 0.108915
3 0.404480 0.216293 0.047431 0.075538
3 0.605072 0.196970 0.043478 0.075538
3 0.615942 0.277778 0.065217 0.103645
3 0.553689 0.264603 0.059289 0.066755
3 0.418314 0.333114 0.061265 0.098375
3 0.379776 0.466623 0.067194 0.115942
3 0.465744 0.497365 0.092885 0.135266
3 0.864954 0.232982 0.057312 0.080808
3 0.812582 0.285683 0.067194 0.094862
3 0.788373 0.446421 0.085968 0.156346
3 0.830369 0.651954 0.096838 0.219587
6 0.307642 0.268116 0.033597 0.080808
6 0.350132 0.272508 0.051383 0.100132
0 0.489460 0.242644 0.049407 0.121212
0 0.882740 0.442029 0.073123 0.165130
0 0.710804 0.581686 0.100791 0.205534
4 0.164361 0.452569 0.035573 0.098375