9 0.568017 0.914251 0.131423 0.171498
1 0.361001 0.161836 0.061265 0.082565
3 0.405468 0.180281 0.063241 0.070268
3 0.282938 0.243522 0.059289 0.080808
3 0.600132 0.165349 0.057312 0.093105
3 0.717227 0.182916 0.066206 0.121212
3 0.880764 0.280413 0.069170 0.119455
3 0.955863 0.232104 0.049407 0.079051
3 0.956851 0.305885 0.071146 0.086078
3 0.932642 0.577295 0.129447 0.235397
0 0.344203 0.227712 0.059289 0.119455
0 0.215744 0.572025 0.086957 0.189723
0 0.366930 0.397233 0.073123 0.173913
0 0.444993 0.409530 0.090909 0.173913
0 0.468709 0.277778 0.063241 0.156346
6 0.525033 0.305007 0.077075 0.140536
0 0.606061 0.319060 0.075099 0.168643
0 0.815053 0.511419 0.107708 0.244181