0 0.216907 0.587791 0.118313 0.195702
0 0.340878 0.400320 0.086420 0.193873
0 0.429355 0.429584 0.113169 0.182899
6 0.459191 0.294239 0.082305 0.153635
6 0.538923 0.312529 0.095679 0.160951
3 0.269376 0.254001 0.077160 0.131687
3 0.334705 0.234797 0.076132 0.140832
3 0.360940 0.148834 0.058642 0.151806
3 0.404149 0.177183 0.079218 0.087791
3 0.610940 0.162551 0.087449 0.109739
3 0.726680 0.179927 0.086420 0.115226
3 0.883573 0.278692 0.083333 0.126200
3 0.950446 0.309785 0.097737 0.144490
3 0.934842 0.585963 0.130316 0.232282
0 0.810528 0.550297 0.114198 0.212163
1 0.636660 0.343621 0.126543 0.149977
7 0.956619 0.239369 0.079218 0.175583