9 0.192290 0.892415 0.107193 0.195581
5 0.778985 0.478920 0.086957 0.196750
0 0.275033 0.349802 0.075099 0.107159
0 0.402503 0.419192 0.061265 0.140536
0 0.455369 0.418314 0.068182 0.163373
0 0.516140 0.430610 0.075099 0.152833
0 0.596673 0.430610 0.082016 0.170400
0 0.525527 0.263724 0.044466 0.079051
0 0.566041 0.279534 0.050395 0.093105
0 0.610013 0.215415 0.041502 0.073781
0 0.743906 0.224199 0.064229 0.140536
3 0.194005 0.425340 0.079051 0.114185
3 0.319499 0.286561 0.047431 0.089592
3 0.360013 0.285683 0.047431 0.087835
3 0.400033 0.283048 0.040514 0.068511
3 0.415843 0.220685 0.028656 0.042161
3 0.445982 0.323452 0.065217 0.057971
3 0.524045 0.320817 0.073123 0.094862
3 0.548254 0.204875 0.042490 0.066755
3 0.673254 0.235617 0.057312 0.093105
3 0.637681 0.306763 0.081028 0.101888
3 0.834816 0.319060 0.062253 0.140536
3 0.903491 0.353316 0.067194 0.135266
3 0.978426 0.384058 0.043148 0.094862
3 0.977437 0.306763 0.045125 0.077295
3 0.973650 0.246157 0.039526 0.061484
3 0.858037 0.250549 0.043478 0.073781