3 0.185606 0.427975 0.078063 0.140536
0 0.270586 0.350681 0.076087 0.119455
0 0.308630 0.284805 0.053360 0.103645
0 0.354084 0.288318 0.051383 0.114185
0 0.398057 0.292710 0.058300 0.098375
0 0.420784 0.245279 0.068182 0.091348
0 0.399045 0.414800 0.060277 0.159859
0 0.459321 0.416557 0.072134 0.184453
0 0.527503 0.429732 0.080040 0.172156
0 0.612484 0.443786 0.099802 0.193237
0 0.448946 0.338384 0.075099 0.115942
0 0.516634 0.338384 0.083992 0.151076
0 0.518116 0.276021 0.051383 0.114185
0 0.568511 0.283926 0.053360 0.119455
0 0.621871 0.297980 0.075099 0.129996
3 0.551219 0.225077 0.062253 0.096618
3 0.611001 0.225955 0.063241 0.101888
3 0.667819 0.236495 0.056324 0.122969
0 0.749341 0.209267 0.075099 0.121212
0 0.810606 0.479798 0.100791 0.226614
3 0.827404 0.316425 0.077075 0.152833
3 0.902997 0.347167 0.072134 0.137022
3 0.974473 0.378788 0.051054 0.119455
0 0.974473 0.314668 0.051054 0.086078
0 0.963768 0.252306 0.063241 0.091348
3 0.858531 0.272508 0.062253 0.121212
9 0.294796 0.589592 0.162055 0.337286