9 0.289342 0.607827 0.181633 0.357699
0 0.191185 0.417954 0.081572 0.135954
0 0.266268 0.347505 0.067668 0.112059
0 0.364294 0.268405 0.027345 0.093932
0 0.401835 0.282825 0.056081 0.081572
0 0.420838 0.230503 0.052373 0.047790
0 0.399981 0.401887 0.065350 0.130186
0 0.461856 0.416718 0.066741 0.159848
0 0.526974 0.430314 0.072766 0.149137
0 0.586300 0.446381 0.066277 0.031311
0 0.608315 0.448441 0.112162 0.198575
6 0.627549 0.294360 0.080182 0.119474
0 0.551307 0.202900 0.037078 0.050262
0 0.526279 0.317019 0.064887 0.095579
6 0.566138 0.256046 0.042640 0.084044
6 0.605302 0.260990 0.000463 0.000000
3 0.671811 0.235859 0.054690 0.098051
3 0.618511 0.211552 0.048202 0.079100
7 0.523267 0.246158 0.033834 0.047790
3 0.317482 0.278705 0.063496 0.109587
0 0.455599 0.307543 0.062570 0.056853
0 0.759177 0.214848 0.085743 0.112059
0 0.845847 0.225147 0.044494 0.056853
0 0.827772 0.313723 0.076937 0.138425
3 0.964961 0.241626 0.059325 0.079924
3 0.903087 0.353685 0.077401 0.140897
3 0.973906 0.372636 0.052188 0.114531
7 0.972747 0.292300 0.054505 0.062621
9 0.813867 0.473159 0.103819 0.221645