9 0.288867 0.592227 0.175889 0.324989
3 0.185112 0.427097 0.067194 0.145806
0 0.267622 0.352437 0.070158 0.126482
0 0.315053 0.288318 0.058300 0.103645
3 0.358531 0.277778 0.044466 0.121212
3 0.395092 0.289196 0.052372 0.094862
0 0.415349 0.223320 0.029644 0.043917
0 0.399045 0.420949 0.068182 0.147563
0 0.461792 0.424462 0.071146 0.175670
0 0.524045 0.430610 0.079051 0.177426
0 0.610507 0.449056 0.099802 0.196750
3 0.444005 0.326965 0.057312 0.089592
3 0.511693 0.307642 0.046443 0.072025
3 0.520586 0.248792 0.034585 0.056214
0 0.567029 0.283926 0.056324 0.108915
0 0.621871 0.296223 0.077075 0.122969
3 0.546772 0.212780 0.033597 0.057971
3 0.608531 0.206632 0.032609 0.056214
3 0.670290 0.240887 0.059289 0.121212
0 0.748353 0.209267 0.077075 0.128239
0 0.814559 0.484190 0.094862 0.224857
3 0.824934 0.317303 0.076087 0.151076
3 0.900527 0.354194 0.069170 0.137022
3 0.975955 0.377910 0.048090 0.114185
0 0.981555 0.298858 0.033597 0.050944
3 0.863966 0.269873 0.043478 0.105402
0 0.973155 0.238252 0.032609 0.070268