9 0.359519 0.768445 0.228261 0.463109
3 0.943511 0.203118 0.052372 0.112429
3 0.933630 0.367369 0.060277 0.166886
0 0.792819 0.599253 0.092885 0.300395
0 0.383646 0.144305 0.057806 0.114185
0 0.500988 0.116198 0.048419 0.094862
0 0.391551 0.337981 0.103261 0.187088
0 0.538538 0.385851 0.095850 0.237154
0 0.495306 0.235654 0.070652 0.129996
0 0.557559 0.240485 0.066700 0.099253
0 0.571146 0.161433 0.060277 0.104523
0 0.628953 0.186905 0.069170 0.132631
0 0.674160 0.119272 0.043972 0.067633
0 0.695899 0.218087 0.056818 0.179183
0 0.886611 0.209742 0.049901 0.057093
0 0.874259 0.295381 0.067688 0.161616
0 0.836215 0.419229 0.079545 0.152833
1 0.449934 0.111770 0.057312 0.084321
1 0.736001 0.155687 0.042490 0.094862
1 0.896080 0.148661 0.050395 0.073781