9 0.340250 0.584321 0.164032 0.302152
6 0.735507 0.478920 0.104743 0.214317
0 0.402997 0.415679 0.058300 0.158103
0 0.520092 0.435881 0.059289 0.173913
0 0.607049 0.442907 0.094862 0.177426
0 0.520092 0.255819 0.039526 0.063241
0 0.571476 0.276021 0.039526 0.121212
0 0.747859 0.211023 0.066206 0.114185
5 0.974473 0.291831 0.051054 0.061484
4 0.970026 0.387571 0.059947 0.115942
3 0.190053 0.429732 0.071146 0.137022
3 0.266140 0.366491 0.057312 0.108915
3 0.315053 0.297101 0.040514 0.089592
3 0.355072 0.293588 0.045455 0.103645
3 0.403491 0.296223 0.063241 0.101888
3 0.418314 0.233860 0.037549 0.057971
3 0.451416 0.322574 0.060277 0.066755
3 0.450922 0.442907 0.084980 0.166886
3 0.515646 0.312912 0.064229 0.082565
3 0.548254 0.217172 0.028656 0.073781
3 0.610507 0.220685 0.052372 0.070268
3 0.662879 0.244401 0.052372 0.107159
3 0.620389 0.308520 0.080040 0.112429
3 0.829381 0.322574 0.073123 0.133509
3 0.859519 0.287440 0.042490 0.112429
3 0.900527 0.357708 0.065217 0.140536
3 0.970191 0.256697 0.056324 0.093105