0 0.224638 0.556214 0.096838 0.207290
0 0.360013 0.399868 0.079051 0.165130
0 0.447464 0.419192 0.087945 0.168643
0 0.343215 0.229469 0.057312 0.115942
0 0.533432 0.293588 0.072134 0.152833
0 0.610013 0.321695 0.071146 0.163373
0 0.472167 0.273386 0.056324 0.140536
0 0.813570 0.484190 0.140316 0.196750
0 0.879776 0.263724 0.071146 0.100132
0 0.953887 0.308520 0.077075 0.119455
3 0.277009 0.242644 0.061265 0.086078
3 0.405468 0.187308 0.059289 0.091348
3 0.602108 0.168863 0.073123 0.100132
3 0.723155 0.182916 0.066206 0.110672
3 0.959816 0.236495 0.053360 0.066755
3 0.937088 0.586078 0.106719 0.267018
1 0.357543 0.159201 0.038538 0.077295
9 0.505270 0.945872 0.128458 0.108256