1 0.227709 0.603338 0.137860 0.193873
0 0.348594 0.393919 0.095679 0.151806
0 0.430898 0.420439 0.105967 0.164609
0 0.466392 0.293324 0.100823 0.144490
0 0.807956 0.529264 0.146091 0.217650
3 0.280178 0.247599 0.065844 0.115226
3 0.333676 0.236626 0.065844 0.151806
3 0.353224 0.144262 0.055556 0.146319
3 0.410322 0.187243 0.075103 0.144490
3 0.601680 0.150663 0.085391 0.140832
3 0.724623 0.179012 0.094650 0.128029
3 0.879973 0.289666 0.088477 0.122542
3 0.949760 0.300640 0.100480 0.122542
3 0.930384 0.600594 0.135802 0.254230
3 0.540981 0.314358 0.087449 0.135345
1 0.621228 0.352766 0.118313 0.153635
7 0.957476 0.236626 0.085048 0.159122