9 0.292819 0.596618 0.171937 0.337286
0 0.189559 0.423584 0.076087 0.149319
0 0.269598 0.353316 0.072134 0.121212
0 0.311100 0.288318 0.046443 0.114185
6 0.352108 0.292710 0.045455 0.115942
6 0.395586 0.295345 0.055336 0.107159
0 0.422760 0.247036 0.050395 0.087835
0 0.402503 0.416557 0.065217 0.152833
0 0.462286 0.424462 0.070158 0.175670
0 0.524539 0.437637 0.070158 0.173913
0 0.610507 0.445542 0.097826 0.196750
3 0.432642 0.324330 0.040514 0.066755
0 0.519104 0.339262 0.081028 0.142292
0 0.517128 0.246157 0.037549 0.054458
0 0.565053 0.284805 0.054348 0.114185
0 0.619895 0.296223 0.075099 0.126482
0 0.548748 0.206632 0.029644 0.056214
3 0.610013 0.223320 0.061265 0.089592
3 0.664855 0.241765 0.064229 0.115942
3 0.743412 0.211023 0.083004 0.114185
0 0.814559 0.482433 0.098814 0.221344
0 0.828393 0.320817 0.073123 0.151076
3 0.902503 0.358586 0.069170 0.135266
3 0.978426 0.387571 0.043148 0.101888
3 0.865448 0.271629 0.050395 0.108915
0 0.976120 0.310277 0.044466 0.073781
3 0.965744 0.254062 0.061265 0.101888